[0m[38;2;0;0;0m              [38;2;8;8;8m [38;2;157;126;128mo[38;2;245;169;156mO[38;2;248;169;161m0[38;2;247;173;157m0[38;2;249;172;158m0[38;2;248;174;160m0[38;2;248;178;163m0[38;2;249;179;164m0[38;2;243;176;160m0[38;2;246;180;164m0[38;2;250;187;168mK[38;2;250;189;169mK[38;2;251;191;171mK[38;2;251;191;173mK[38;2;251;191;174mK[38;2;251;192;173mK[38;2;251;191;173mK[38;2;252;190;170mK[38;2;251;189;169mK[38;2;251;189;167mK[38;2;250;188;166mK[38;2;250;188;165mK[38;2;249;186;164m0[38;2;249;181;161m0[38;2;249;180;158m0[38;2;250;181;159m0[38;2;249;182;159m0[38;2;250;183;160m0[38;2;250;182;160m0[38;2;250;181;159m0[38;2;242;174;152m0[38;2;244;176;154m0[38;2;249;175;155m0[38;2;250;174;151m0[38;2;248;172;149m0[38;2;248;171;147m0[38;2;248;169;145mO[38;2;248;166;143mO[38;2;243;164;144mO[38;2;206;150;135mx[38;2;3;3;3m [38;2;0;0;0m        [0m
[0m[38;2;0;0;0m             [38;2;13;10;11m [38;2;181;119;123mo[38;2;244;147;136mk[38;2;242;160;147mO[38;2;239;172;160mO[38;2;242;187;176m0[38;2;247;161;149mO[38;2;247;163;146mO[38;2;244;161;146mO[38;2;245;159;145mO[38;2;249;161;148mO[38;2;250;161;149mO[38;2;248;162;146mO[38;2;248;163;145mO[38;2;248;164;146mO[38;2;248;164;146mO[38;2;248;164;147mO[38;2;244;161;145mO[38;2;248;165;148mO[38;2;248;166;146mO[38;2;247;165;145mO[38;2;248;163;143mO[38;2;247;162;141mO[38;2;247;161;140mO[38;2;246;160;139mO[38;2;241;152;132mk[38;2;247;155;135mO[38;2;248;156;134mO[38;2;248;157;135mO[38;2;247;157;135mO[38;2;248;156;135mO[38;2;248;155;134mO[38;2;247;154;134mO[38;2;245;152;132mk[38;2;244;149;129mk[38;2;243;151;130mk[38;2;246;153;134mk[38;2;242;158;138mO[38;2;244;201;186mK[38;2;243;190;175mK[38;2;238;167;151mO[38;2;242;149;127mk[38;2;167;108;107ml[38;2;4;4;4m [38;2;0;0;0m       [0m
[0m[38;2;0;0;0m            [38;2;12;9;10m [38;2;209;117;117mo[38;2;246;125;116mx[38;2;244;129;118mx[38;2;247;134;123mx[38;2;244;149;140mk[38;2;243;149;140mk[38;2;242;146;132mk[38;2;240;179;171m0[38;2;246;215;209mX[38;2;243;176;165m0[38;2;243;155;142mO[38;2;247;171;154m0[38;2;248;172;153m0[38;2;248;154;137mO[38;2;248;145;131mk[38;2;247;142;128mk[38;2;241;139;123mx[38;2;243;139;122mx[38;2;246;143;126mk[38;2;247;157;134mO[38;2;247;153;134mk[38;2;246;137;119mx[38;2;248;134;115mx[38;2;246;135;115mx[38;2;247;134;115mx[38;2;246;134;115mx[38;2;238;124;110mx[38;2;245;131;113mx[38;2;247;134;114mx[38;2;249;134;113mx[38;2;247;134;116mx[38;2;245;136;116mx[38;2;244;142;122mk[38;2;246;168;151mO[38;2;245;192;180mK[38;2;244;206;196mX[38;2;234;171;159mO[38;2;234;167;153mO[38;2;235;183;171m0[38;2;244;202;193mK[38;2;240;145;132mk[38;2;244;115;98md[38;2;243;108;97md[38;2;163;84;91m:[38;2;1;1;1m [38;2;0;0;0m      [0m
[0m[38;2;0;0;0m           [38;2;1;1;1m [38;2;200;106;109mo[38;2;246;119;112md[38;2;246;119;112md[38;2;246;118;112md[38;2;246;119;112md[38;2;244;121;113mx[38;2;242;125;114mx[38;2;239;138;128mx[38;2;243;172;162m0[38;2;246;202;198mX[38;2;240;183;175m0[38;2;233;161;146mO[38;2;240;203;193mK[38;2;250;243;235mW[38;2;244;195;182mK[38;2;241;139;126mk[38;2;235;124;112md[38;2;231;136;122mx[38;2;248;196;183mK[38;2;246;198;186mK[38;2;250;217;196mX[38;2;251;225;196mN[38;2;249;215;196mX[38;2;244;179;164m0[38;2;245;168;154mO[38;2;244;169;154mO[38;2;238;141;126mk[38;2;243;157;142mO[38;2;238;121;104md[38;2;237;122;107md[38;2;238;167;155mO[38;2;244;220;213mN[38;2;247;231;225mN[38;2;240;187;178m0[38;2;237;181;174m0[38;2;247;233;231mN[38;2;246;216;212mX[38;2;241;184;175m0[38;2;236;125;114mx[38;2;236;110;97md[38;2;240;99;87mo[38;2;239;95;85mo[38;2;240;89;81mo[38;2;241;86;80ml[38;2;238;86;81ml[38;2;118;57;62m,[38;2;0;0;0m      [0m
[0m[38;2;0;0;0m           [38;2;65;40;44m.[38;2;244;113;109md[38;2;246;117;112md[38;2;245;116;110md[38;2;244;115;109md[38;2;243;113;107md[38;2;245;113;107md[38;2;246;114;107md[38;2;247;114;106md[38;2;246;115;107md[38;2;247;115;107md[38;2;244;117;106md[38;2;245;122;111mx[38;2;242;149;140mk[38;2;237;150;141mk[38;2;231;119;109md[38;2;233;117;106md[38;2;236;118;109md[38;2;234;137;127mx[38;2;249;235;229mW[38;2;253;247;246mW[38;2;254;254;242mM[38;2;254;252;227mM[38;2;254;254;245mM[38;2;255;255;253mM[38;2;253;255;251mM[38;2;252;253;252mM[38;2;239;196;185mK[38;2;248;223;213mN[38;2;239;141;128mk[38;2;241;118;105md[38;2;232;110;99md[38;2;234;152;143mk[38;2;242;180;173m0[38;2;241;158;152mO[38;2;238;117;103md[38;2;239;99;93mo[38;2;243;97;86mo[38;2;244;94;84mo[38;2;241;92;83mo[38;2;240;91;81mo[38;2;239;88;80ml[38;2;237;85;78ml[38;2;241;85;80ml[38;2;237;83;77ml[38;2;238;83;78ml[38;2;228;85;82ml[38;2;19;11;14m [38;2;0;0;0m     [0m
[0m[38;2;0;0;0m          [38;2;9;9;9m [38;2;195;103;110ml[38;2;241;111;108md[38;2;245;118;111md[38;2;242;115;108md[38;2;244;111;106md[38;2;247;110;105md[38;2;247;110;104md[38;2;247;110;103md[38;2;247;110;102md[38;2;247;110;102md[38;2;246;110;102md[38;2;244;109;101md[38;2;225;96;92mo[38;2;222;98;92mo[38;2;230;108;98mo[38;2;239;118;110md[38;2;220;104;96mo[38;2;244;124;115mx[38;2;239;125;113mx[38;2;245;130;116mx[38;2;244;143;129mk[38;2;246;171;153m0[38;2;247;177;158m0[38;2;246;181;163m0[38;2;246;219;200mX[38;2;252;249;232mW[38;2;251;241;222mW[38;2;249;204;184mX[38;2;242;151;134mk[38;2;244;129;116mx[38;2;244;120;108md[38;2;237;110;99md[38;2;237;106;98mo[38;2;232;95;87mo[38;2;236;95;84mo[38;2;243;94;85mo[38;2;242;91;82mo[38;2;241;90;81mo[38;2;241;90;81mo[38;2;241;89;80mo[38;2;242;88;79ml[38;2;241;87;79ml[38;2;241;87;78ml[38;2;238;84;76ml[38;2;234;84;77ml[38;2;227;78;71mc[38;2;231;83;77ml[38;2;107;47;51m'[38;2;0;0;0m     [0m
[0m[38;2;0;0;0m          [38;2;18;13;13m [38;2;230;103;104mo[38;2;232;103;99mo[38;2;242;113;106md[38;2;243;111;103md[38;2;245;108;103md[38;2;246;108;102md[38;2;245;109;103md[38;2;246;113;105md[38;2;246;119;111md[38;2;236;117;111md[38;2;209;97;96ml[38;2;212;103;100mo[38;2;235;126;117mx[38;2;246;137;125mk[38;2;244;138;130mk[38;2;220;145;141mx[38;2;229;125;118md[38;2;247;142;130mk[38;2;241;139;126mk[38;2;247;143;131mk[38;2;249;146;133mk[38;2;247;148;136mk[38;2;247;149;137mk[38;2;231;135;122mx[38;2;241;147;134mk[38;2;243;167;149mO[38;2;247;176;158m0[38;2;247;158;145mO[38;2;248;149;137mk[38;2;245;141;131mk[38;2;239;139;126mx[38;2;237;143;136mk[38;2;248;153;135mk[38;2;247;135;123mx[38;2;228;100;93mo[38;2;229;96;88mo[38;2;235;94;84mo[38;2;241;96;85mo[38;2;241;91;82mo[38;2;241;87;78ml[38;2;242;85;76ml[38;2;241;84;75ml[38;2;240;83;74ml[38;2;240;83;74ml[38;2;238;84;75ml[38;2;227;80;73ml[38;2;222;76;72mc[38;2;199;76;75mc[38;2;1;1;1m [38;2;0;0;0m    [0m
[0m[38;2;0;0;0m          [38;2;62;38;39m.[38;2;229;100;100mo[38;2;238;106;104md[38;2;245;110;105md[38;2;245;108;103md[38;2;244;110;103md[38;2;245;113;105md[38;2;245;123;114mx[38;2;232;121;112md[38;2;207;102;99ml[38;2;210;111;110mo[38;2;241;147;140mk[38;2;250;157;148mO[38;2;248;159;146mO[38;2;245;157;146mO[38;2;241;177;173m0[38;2;221;157;159mk[38;2;247;156;146mO[38;2;246;157;145mO[38;2;243;155;143mO[38;2;244;158;144mO[38;2;247;161;148mO[38;2;248;162;149mO[38;2;243;155;143mO[38;2;202;109;99mo[38;2;246;161;148mO[38;2;249;164;150mO[38;2;249;163;149mO[38;2;249;163;150mO[38;2;249;162;149mO[38;2;243;156;143mO[38;2;240;159;150mO[38;2;248;184;182m0[38;2;243;155;143mO[38;2;248;153;139mO[38;2;234;123;114md[38;2;243;129;119mx[38;2;240;122;109md[38;2;236;111;100md[38;2;239;103;92mo[38;2;241;96;85mo[38;2;240;89;80ml[38;2;241;84;77ml[38;2;239;82;73ml[38;2;238;81;72ml[38;2;237;82;72ml[38;2;236;82;72ml[38;2;229;79;69ml[38;2;215;74;67mc[38;2;15;9;10m [38;2;0;0;0m    [0m
[0m[38;2;0;0;0m         [38;2;6;6;6m [38;2;182;100;105ml[38;2;243;108;103md[38;2;246;108;103md[38;2;246;109;102md[38;2;245;113;105md[38;2;243;120;111md[38;2;217;109;103mo[38;2;210;108;106mo[38;2;218;125;117md[38;2;244;155;145mO[38;2;248;159;150mO[38;2;237;150;140mk[38;2;242;158;147mO[38;2;248;165;152mO[38;2;235;166;162mO[38;2;248;205;206mX[38;2;239;178;177m0[38;2;247;165;151mO[38;2;247;166;152mO[38;2;247;166;153mO[38;2;241;161;148mO[38;2;247;167;154mO[38;2;247;167;153mO[38;2;225;138;126mx[38;2;206;116;105mo[38;2;248;167;154mO[38;2;249;167;154mO[38;2;250;166;153mO[38;2;250;166;152mO[38;2;250;166;152mO[38;2;241;160;149mO[38;2;241;173;168m0[38;2;248;196;199mK[38;2;246;184;182m0[38;2;241;163;155mO[38;2;232;130;122mx[38;2;236;134;127mx[38;2;249;150;140mk[38;2;248;143;130mk[38;2;245;131;119mx[38;2;240;116;104md[38;2;236;99;90mo[38;2;241;92;83mo[38;2;242;88;78ml[38;2;240;80;72ml[38;2;239;78;70ml[38;2;236;75;67ml[38;2;235;75;66mc[38;2;231;74;66mc[38;2;152;62;65m;[38;2;8;5;5m [38;2;0;0;0m   [0m
[0m[38;2;0;0;0m        [38;2;14;10;10m [38;2;176;94;99mc[38;2;247;109;103md[38;2;246;109;105md[38;2;246;111;105md[38;2;240;113;108md[38;2;203;95;91ml[38;2;194;106;90ml[38;2;220;130;117md[38;2;241;166;135mO[38;2;245;199;135mK[38;2;240;188;137m0[38;2;248;164;153mO[38;2;214;127;117md[38;2;236;153;144mk[38;2;236;155;145mk[38;2;232;174;171m0[38;2;234;206;206mX[38;2;232;188;187m0[38;2;240;164;155mO[38;2;247;167;157mO[38;2;247;167;156mO[38;2;245;166;154mO[38;2;242;162;151mO[38;2;248;168;156mO[38;2;223;135;124mx[38;2;218;129;119md[38;2;248;167;155mO[38;2;248;167;155mO[38;2;250;166;154mO[38;2;250;166;154mO[38;2;249;167;154mO[38;2;237;160;151mO[38;2;245;188;187mK[38;2;249;234;232mW[38;2;247;214;215mX[38;2;247;186;188mK[38;2;228;141;136mx[38;2;233;140;131mx[38;2;248;162;149mO[38;2;247;155;140mO[38;2;245;152;128mk[38;2;248;138;124mk[38;2;244;124;113mx[38;2;227;100;90mo[38;2;216;81;74mc[38;2;230;78;73ml[38;2;240;77;69ml[38;2;235;74;64mc[38;2;234;74;65mc[38;2;233;72;65mc[38;2;231;70;63mc[38;2;206;74;65mc[38;2;71;30;29m.[38;2;1;1;1m [38;2;0;0;0m [0m
[0m[38;2;0;0;0m      [38;2;1;1;1m [38;2;86;53;56m.[38;2;227;111;108md[38;2;247;111;105md[38;2;246;114;106md[38;2;230;104;98mo[38;2;195;85;87mc[38;2;180;73;79m:[38;2;215;115;109mo[38;2;240;202;125mK[38;2;250;235;127mN[38;2;253;239;132mN[38;2;252;242;136mN[38;2;242;213;137mK[38;2;232;167;142mO[38;2;221;163;156mO[38;2;234;165;159mO[38;2;246;168;160mO[38;2;240;193;193mK[38;2;253;246;246mW[38;2;250;241;240mW[38;2;238;183;178m0[38;2;247;168;159mO[38;2;247;167;156mO[38;2;248;168;157mO[38;2;243;164;153mO[38;2;243;164;153mO[38;2;228;143;131mx[38;2;229;140;131mx[38;2;248;168;156mO[38;2;248;167;154mO[38;2;250;166;154mO[38;2;249;165;153mO[38;2;242;160;147mO[38;2;232;157;151mk[38;2;237;199;200mK[38;2;239;220;218mX[38;2;238;220;215mX[38;2;236;191;192mK[38;2;239;176;176m0[38;2;232;153;145mk[38;2;244;160;148mO[38;2;215;124;95md[38;2;247;212;105mK[38;2;245;185;112m0[38;2;246;161;117mO[38;2;243;155;106mk[38;2;235;116;94md[38;2;210;78;70mc[38;2;186;58;56m;[38;2;199;60;57m:[38;2;225;70;62mc[38;2;232;73;64mc[38;2;232;71;63mc[38;2;230;71;63mc[38;2;225;71;66mc[38;2;153;53;54m,[38;2;13;6;6m [0m
[0m[38;2;0;0;0m     [38;2;9;7;7m [38;2;164;89;89mc[38;2;244;110;104md[38;2;242;109;106md[38;2;221;97;92mo[38;2;190;81;85mc[38;2;161;61;68m;[38;2;195;88;89mc[38;2;240;134;120mx[38;2;239;162;125mO[38;2;245;201;130mK[38;2;244;208;130mK[38;2;251;235;139mN[38;2;251;243;145mN[38;2;242;202;143mK[38;2;235;181;163m0[38;2;245;201;202mK[38;2;218;170;169mO[38;2;236;164;156mO[38;2;222;178;176mO[38;2;234;228;226mN[38;2;246;245;245mW[38;2;242;233;232mN[38;2;236;184;178m0[38;2;237;161;154mO[38;2;246;166;157mO[38;2;247;167;157mO[38;2;245;166;154mO[38;2;236;153;141mk[38;2;227;152;142mk[38;2;247;166;156mO[38;2;242;167;155mO[38;2;246;167;157mO[38;2;248;166;153mO[38;2;245;166;150mO[38;2;237;181;172m0[38;2;249;239;235mW[38;2;248;240;236mW[38;2;248;239;234mW[38;2;248;232;228mN[38;2;241;182;180m0[38;2;243;165;150mO[38;2;226;173;120mO[38;2;232;187;104mO[38;2;251;229;116mX[38;2;253;227;113mX[38;2;252;228;110mX[38;2;240;183;106m0[38;2;242;127;107mx[38;2;241;109;94md[38;2;234;92;83ml[38;2;193;62;61m:[38;2;154;38;41m'[38;2;166;44;48m,[38;2;110;36;35m.[38;2;26;9;9m [38;2;221;71;65mc[38;2;227;72;64mc[38;2;206;68;66m:[0m
[0m[38;2;0;0;0m   [38;2;2;2;2m [38;2;80;52;49m.[38;2;221;108;104mo[38;2;150;68;65m;[38;2;113;113;113m [38;2;79;48;48m.[38;2;232;111;104md[38;2;200;88;87mc[38;2;207;98;99ml[38;2;247;134;125mx[38;2;245;142;130mk[38;2;246;150;141mk[38;2;244;154;144mO[38;2;247;163;151mO[38;2;243;176;148m0[38;2;242;204;149mK[38;2;245;173;153m0[38;2;144;107;102mc[38;2;115;103;101m:[38;2;58;53;64m.[38;2;112;86;118m;[38;2;153;107;143ml[38;2;133;101;130mc[38;2;161;105;129ml[38;2;195;125;139md[38;2;223;174;184mO[38;2;231;192;190mK[38;2;236;187;184m0[38;2;242;171;163m0[38;2;248;168;155mO[38;2;245;164;151mO[38;2;232;179;172m0[38;2;239;176;171m0[38;2;240;182;179m0[38;2;244;206;205mX[38;2;230;146;144mk[38;2;238;154;144mk[38;2;216;146;138mx[38;2;151;98;120mc[38;2;138;98;117mc[38;2;117;93;102m:[38;2;101;82;82m;[38;2;163;117;111ml[38;2;164;113;108ml[38;2;215;134;130mx[38;2;223;125;103md[38;2;251;226;136mX[38;2;246;210;129mK[38;2;245;200;126mK[38;2;242;188;119m0[38;2;242;136;114mx[38;2;243;119;108md[38;2;240;102;92mo[38;2;236;90;78ml[38;2;225;77;68mc[38;2;180;53;53m;[38;2;50;20;23m.[38;2;7;7;7m [38;2;35;35;35m [38;2;77;77;77m [38;2;32;11;10m [0m
[0m[38;2;0;0;0m  [38;2;19;14;14m [38;2;174;99;97mc[38;2;85;41;40m.[38;2;95;95;95m [38;2;28;28;28m [38;2;2;2;2m [38;2;210;115;110mo[38;2;246;120;108mx[38;2;237;117;108md[38;2;241;125;117mx[38;2;246;136;124mx[38;2;246;144;131mk[38;2;246;153;142mO[38;2;240;156;142mk[38;2;248;166;154mO[38;2;247;168;155mO[38;2;244;167;155mO[38;2;239;164;158mO[38;2;225;197;201mK[38;2;111;117;149mc[38;2;56;62;156m'[38;2;66;63;184m,[38;2;32;38;128m.[38;2;58;62;160m'[38;2;137;145;215md[38;2;127;130;166mo[38;2;226;202;214mK[38;2;243;234;235mN[38;2;242;237;235mW[38;2;251;237;236mW[38;2;244;215;212mX[38;2;245;196;188mK[38;2;235;197;192mK[38;2;245;234;230mN[38;2;236;216;211mX[38;2;236;214;217mX[38;2;217;174;187mO[38;2;78;65;117m'[38;2;102;78;162m;[38;2;67;59;162m'[38;2;47;48;140m.[38;2;107;111;195mc[38;2;163;170;203mk[38;2;148;143;163md[38;2;174;158;166mx[38;2;148;83;77m:[38;2;242;154;135mk[38;2;239;170;141mO[38;2;243;155;141mO[38;2;249;153;142mO[38;2;246;146;133mk[38;2;240;134;120mx[38;2;245;123;110mx[38;2;240;106;94mo[38;2;236;92;83mo[38;2;232;81;72ml[38;2;231;81;73ml[38;2;50;22;20m [38;2;0;0;0m   [38;2;6;6;6m [0m
[0m[38;2;4;4;4m [38;2;95;58;57m'[38;2;92;49;48m.[38;2;94;94;94m [38;2;26;26;26m [38;2;0;0;0m  [38;2;126;78;77m;[38;2;246;115;105md[38;2;248;115;105md[38;2;233;110;100md[38;2;234;119;109md[38;2;240;131;119mx[38;2;247;144;131mk[38;2;247;154;141mO[38;2;247;162;146mO[38;2;241;161;148mO[38;2;246;166;153mO[38;2;247;168;154mO[38;2;238;165;163mO[38;2;213;185;190m0[38;2;146;151;162md[38;2;130;157;204md[38;2;163;179;228mk[38;2;182;176;217mO[38;2;190;186;217mO[38;2;182;201;230m0[38;2;129;139;165mo[38;2;246;239;238mW[38;2;254;247;244mW[38;2;254;249;248mM[38;2;254;250;249mM[38;2;255;251;248mM[38;2;255;250;247mM[38;2;254;249;246mM[38;2;254;248;246mM[38;2;254;246;245mW[38;2;253;242;242mW[38;2;233;227;230mN[38;2;123;138;178mo[38;2;160;183;235mO[38;2;158;159;213mx[38;2;140;140;188md[38;2;141;157;223mx[38;2;107;136;205mo[38;2;139;141;166mo[38;2;226;207;216mK[38;2;229;158;153mk[38;2;236;149;145mk[38;2;246;158;147mO[38;2;247;157;145mO[38;2;245;151;138mk[38;2;242;142;128mk[38;2;246;137;123mx[38;2;244;121;109mx[38;2;240;106;93mo[38;2;192;64;62m:[38;2;220;77;71mc[38;2;227;80;73ml[38;2;39;17;16m [38;2;0;0;0m    [0m
[0m[38;2;95;58;56m'[38;2;98;98;98m [38;2;22;22;22m [38;2;0;0;0m   [38;2;60;38;35m.[38;2;242;111;105md[38;2;245;107;99md[38;2;237;103;97mo[38;2;168;63;62m;[38;2;223;106;101mo[38;2;209;96;89ml[38;2;246;138;127mk[38;2;248;147;137mk[38;2;248;155;143mO[38;2;250;161;151mO[38;2;245;161;150mO[38;2;242;163;149mO[38;2;244;165;154mO[38;2;234;172;171mO[38;2;234;191;190mK[38;2;233;195;199mK[38;2;241;200;203mK[38;2;244;203;207mX[38;2;247;206;209mX[38;2;250;213;214mX[38;2;249;219;220mN[38;2;250;229;228mN[38;2;254;241;238mW[38;2;254;245;244mW[38;2;254;249;246mM[38;2;255;248;246mM[38;2;255;248;246mM[38;2;254;248;246mM[38;2;255;246;245mW[38;2;254;243;242mW[38;2;254;238;234mW[38;2;248;224;221mN[38;2;246;214;214mX[38;2;238;200;202mK[38;2;235;195;197mK[38;2;235;194;200mK[38;2;230;192;204mK[38;2;192;161;175mk[38;2;217;175;174mO[38;2;230;181;179m0[38;2;240;167;165mO[38;2;245;157;149mO[38;2;245;158;145mO[38;2;242;153;138mk[38;2;244;148;134mk[38;2;247;142;128mk[38;2;244;130;117mx[38;2;242;114;105md[38;2;195;71;68m:[38;2;156;37;40m'[38;2;231;83;75ml[38;2;225;80;71ml[38;2;30;15;13m [38;2;0;0;0m    [0m
[0m[38;2;29;29;29m [38;2;0;0;0m   [38;2;1;1;1m [38;2;118;65;54m,[38;2;236;107;94mo[38;2;245;101;92mo[38;2;230;94;90mo[38;2;170;57;59m;[38;2;148;48;56m,[38;2;190;74;73m:[38;2;218;95;88ml[38;2;205;95;89ml[38;2;246;138;128mk[38;2;224;124;114md[38;2;243;147;138mk[38;2;249;157;147mO[38;2;246;160;146mO[38;2;239;158;154mO[38;2;239;166;167mO[38;2;241;188;187mK[38;2;250;205;205mX[38;2;250;207;208mX[38;2;250;207;208mX[38;2;250;209;210mX[38;2;251;216;216mN[38;2;249;222;221mN[38;2;252;231;230mN[38;2;252;239;236mW[38;2;255;243;243mW[38;2;254;247;245mW[38;2;254;247;247mW[38;2;253;245;246mW[38;2;254;245;244mW[38;2;253;243;242mW[38;2;253;242;241mW[38;2;251;235;232mW[38;2;250;225;221mN[38;2;252;218;216mN[38;2;249;206;204mX[38;2;250;200;197mX[38;2;250;194;193mK[38;2;251;192;193mK[38;2;251;191;192mK[38;2;241;182;179m0[38;2;238;167;164mO[38;2;240;154;151mk[38;2;233;151;143mk[38;2;242;152;136mk[38;2;248;148;135mk[38;2;247;141;128mk[38;2;243;130;116mx[38;2;214;96;87ml[38;2;168;51;55m,[38;2;142;29;35m.[38;2;201;59;58m:[38;2;229;75;69mc[38;2;227;76;71mc[38;2;19;10;8m [38;2;0;0;0m    [0m
[0m[38;2;0;0;0m  [38;2;1;1;1m [38;2;64;36;33m.[38;2;196;93;81ml[38;2;245;98;91mo[38;2;244;95;85mo[38;2;217;80;77mc[38;2;159;52;56m,[38;2;149;47;52m,[38;2;147;44;49m,[38;2;155;46;50m,[38;2;235;100;93mo[38;2;210;87;83ml[38;2;198;85;81mc[38;2;205;96;91ml[38;2;154;46;51m,[38;2;179;76;76m:[38;2;201;104;96ml[38;2;227;137;130mx[38;2;231;172;171mO[38;2;244;198;201mK[38;2;252;215;215mN[38;2;249;216;214mX[38;2;250;221;217mN[38;2;251;224;222mN[38;2;250;229;225mN[38;2;251;235;233mW[38;2;251;239;238mW[38;2;253;242;241mW[38;2;254;244;243mW[38;2;254;244;243mW[38;2;254;245;245mW[38;2;252;243;244mW[38;2;253;243;243mW[38;2;254;243;240mW[38;2;254;243;237mW[38;2;254;239;234mW[38;2;253;234;230mW[38;2;252;227;224mN[38;2;250;218;214mN[38;2;249;210;209mX[38;2;250;206;204mX[38;2;249;201;198mX[38;2;249;197;196mK[38;2;246;190;189mK[38;2;238;160;164mO[38;2;235;149;152mk[38;2;235;151;142mk[38;2;241;152;139mk[38;2;241;166;156mO[38;2;216;119;113md[38;2;201;76;71mc[38;2;153;36;41m'[38;2;143;29;38m'[38;2;179;44;45m,[38;2;232;66;56mc[38;2;225;67;61mc[38;2;227;72;65mc[38;2;15;8;7m [38;2;0;0;0m    [0m
[0m[38;2;2;2;2m [38;2;89;44;46m.[38;2;186;78;75m:[38;2;242;92;83mo[38;2;244;89;81mo[38;2;235;84;78ml[38;2;193;65;67m:[38;2;156;49;53m,[38;2;152;45;52m,[38;2;149;43;49m'[38;2;147;41;46m'[38;2;147;40;47m'[38;2;198;72;67m:[38;2;240;105;92mo[38;2;223;98;88mo[38;2;194;80;76mc[38;2;182;70;70m:[38;2;221;107;98mo[38;2;197;87;81mc[38;2;170;75;78m:[38;2;237;203;205mK[38;2;252;239;238mW[38;2;254;239;238mW[38;2;253;238;238mW[38;2;254;239;239mW[38;2;254;241;240mW[38;2;254;242;240mW[38;2;254;243;242mW[38;2;254;243;242mW[38;2;254;243;243mW[38;2;255;243;243mW[38;2;254;242;242mW[38;2;254;242;243mW[38;2;254;242;242mW[38;2;254;242;239mW[38;2;255;242;237mW[38;2;255;240;235mW[38;2;255;238;234mW[38;2;255;238;234mW[38;2;254;236;233mW[38;2;253;234;230mW[38;2;252;230;227mN[38;2;252;225;224mN[38;2;252;223;220mN[38;2;250;215;213mX[38;2;240;170;177m0[38;2;235;153;160mk[38;2;236;190;192mK[38;2;248;223;219mN[38;2;234;203;201mK[38;2;251;232;229mN[38;2;235;156;158mO[38;2;220;90;85ml[38;2;148;28;36m'[38;2;171;37;40m,[38;2;229;60;50m:[38;2;229;57;51m:[38;2;222;63;55m:[38;2;224;67;57mc[38;2;13;7;7m [38;2;0;0;0m    [0m
[0m[38;2;215;84;78ml[38;2;244;83;77ml[38;2;245;81;75ml[38;2;239;80;73ml[38;2;214;68;66mc[38;2;179;55;55m;[38;2;169;49;55m,[38;2;163;46;51m,[38;2;156;44;50m,[38;2;152;42;48m,[38;2;150;40;46m'[38;2;151;40;47m'[38;2;158;44;49m,[38;2;232;92;84ml[38;2;242;102;89mo[38;2;243;107;94md[38;2;226;98;86mo[38;2;242;112;101md[38;2;241;112;100md[38;2;205;82;80mc[38;2;150;55;63m,[38;2;216;183;184m0[38;2;251;244;242mW[38;2;254;244;243mW[38;2;254;244;243mW[38;2;255;243;243mW[38;2;255;243;243mW[38;2;254;243;242mW[38;2;254;243;240mW[38;2;250;240;237mW[38;2;245;234;231mN[38;2;250;237;235mW[38;2;253;240;237mW[38;2;252;238;234mW[38;2;250;235;231mW[38;2;249;235;230mW[38;2;250;234;229mW[38;2;249;232;228mN[38;2;255;237;233mW[38;2;255;237;233mW[38;2;255;237;233mW[38;2;254;237;233mW[38;2;254;236;232mW[38;2;251;226;223mN[38;2;236;173;181m0[38;2;235;175;181m0[38;2;242;213;213mX[38;2;246;222;222mN[38;2;233;193;194mK[38;2;248;232;225mN[38;2;248;222;220mN[38;2;234;136;137mx[38;2;187;52;55m;[38;2;172;37;39m,[38;2;225;56;48m:[38;2;232;55;47m:[38;2;191;41;38m,[38;2;223;59;54m:[38;2;222;61;51m:[38;2;19;9;9m [38;2;0;0;0m    [0m
[0m[38;2;243;78;73ml[38;2;223;85;81ml[38;2;201;92;95ml[38;2;168;103;113ml[38;2;156;111;126ml[38;2;152;112;126ml[38;2;149;107;119mc[38;2;147;98;109mc[38;2;146;87;98m:[38;2;142;74;84m;[38;2;140;63;71m;[38;2;140;54;60m,[38;2;142;45;51m'[38;2;185;61;62m;[38;2;239;90;80mo[38;2;241;94;84mo[38;2;241;96;85mo[38;2;242;97;86mo[38;2;241;96;86mo[38;2;230;89;84ml[38;2;148;35;40m'[38;2;139;31;40m'[38;2;167;89;98mc[38;2;217;182;184m0[38;2;251;242;239mW[38;2;254;242;241mW[38;2;254;242;240mW[38;2;254;242;239mW[38;2;254;242;237mW[38;2;254;241;236mW[38;2;255;239;236mW[38;2;255;239;235mW[38;2;255;238;234mW[38;2;255;238;234mW[38;2;255;238;234mW[38;2;255;237;233mW[38;2;255;237;233mW[38;2;255;237;233mW[38;2;252;234;230mW[38;2;249;232;229mN[38;2;248;231;228mN[38;2;245;231;227mN[38;2;248;230;227mN[38;2;243;219;218mX[38;2;245;219;219mN[38;2;251;236;232mW[38;2;250;235;230mW[38;2;240;218;213mX[38;2;243;207;206mX[38;2;242;184;185m0[38;2;241;155;158mO[38;2;229;85;79ml[38;2;203;46;39m;[38;2;230;54;48m:[38;2;233;53;46m:[38;2;223;53;48m:[38;2;150;28;33m'[38;2;208;53;48m:[38;2;223;54;45m:[38;2;31;12;13m [38;2;0;0;0m    [0m
[0m[38;2;162;134;146mo[38;2;154;146;161md[38;2;148;146;164md[38;2;147;145;160md[38;2;146;143;161md[38;2;143;140;157mo[38;2;140;137;154mo[38;2;135;130;148mo[38;2;138;133;151mo[38;2;136;131;148mo[38;2;130;125;141ml[38;2;118;113;130mc[38;2;111;103;121m:[38;2;113;89;108m;[38;2;213;88;89ml[38;2;234;78;69ml[38;2;240;79;70ml[38;2;241;80;69ml[38;2;240;79;68ml[38;2;237;76;68ml[38;2;172;49;52m,[38;2;125;33;44m.[38;2;137;57;67m,[38;2;165;119;142mo[38;2;180;156;178mx[38;2;216;199;213mK[38;2;243;215;213mX[38;2;251;235;229mW[38;2;254;239;234mW[38;2;254;238;234mW[38;2;255;238;234mW[38;2;255;237;233mWW[38;2;254;236;232mW[38;2;251;233;229mW[38;2;248;231;227mN[38;2;248;231;228mN[38;2;248;231;228mN[38;2;249;231;228mN[38;2;254;236;234mW[38;2;254;236;234mW[38;2;254;236;233mW[38;2;253;236;234mW[38;2;253;235;232mW[38;2;249;219;216mN[38;2;246;194;194mK[38;2;245;174;177m0[38;2;242;153;156mO[38;2;241;148;152mk[38;2;242;142;142mk[38;2;231;101;98mo[38;2;227;56;46m:[38;2;234;55;48m:[38;2;232;53;46m:[38;2;229;53;45m:[38;2;182;40;37m,[38;2;134;27;35m.[38;2;187;41;39m,[38;2;220;51;45m:[38;2;77;25;24m.[38;2;0;0;0m    [0m
[0m[38;2;148;145;162md[38;2;148;145;162md[38;2;147;144;161md[38;2;146;143;160md[38;2;144;141;158mo[38;2;142;139;156mo[38;2;140;136;153mo[38;2;135;131;148mo[38;2;133;129;146ml[38;2;135;129;147ml[38;2;132;127;144ml[38;2;129;124;141ml[38;2;110;105;124m:[38;2;137;133;160mo[38;2;156;112;135ml[38;2;222;68;61mc[38;2;234;66;58mc[38;2;238;67;58mc[38;2;238;67;57mc[38;2;239;66;55mc[38;2;192;63;63m:[38;2;107;94;107m:[38;2;206;202;216mK[38;2;191;192;222m0[38;2;194;170;198mO[38;2;224;153;164mk[38;2;248;154;161mO[38;2;242;156;160mO[38;2;243;178;181m0[38;2;244;201;201mK[38;2;249;222;221mN[38;2;254;236;234mW[38;2;250;233;229mN[38;2;246;228;225mN[38;2;250;232;229mN[38;2;254;235;232mW[38;2;254;236;233mW[38;2;255;235;234mW[38;2;255;235;234mW[38;2;253;236;234mW[38;2;253;231;229mN[38;2;248;214;212mX[38;2;246;193;193mK[38;2;246;166;170mO[38;2;247;152;156mO[38;2;249;151;155mO[38;2;241;130;130mx[38;2;235;100;98mo[38;2;235;78;74ml[38;2;232;60;53mc[38;2;232;56;46m:[38;2;229;55;46m:[38;2;231;54;46m:[38;2;231;53;42m:[38;2;214;52;46m:[38;2;142;27;31m.[38;2;134;25;34m.[38;2;158;32;35m'[38;2;219;49;44m:[38;2;157;44;41m,[38;2;2;2;2m [38;2;0;0;0m   [0m
[0m[38;2;145;142;159mo[38;2;144;141;158mo[38;2;141;138;155mo[38;2;141;138;155mo[38;2;140;137;154mo[38;2;138;134;151mo[38;2;136;132;149mo[38;2;133;129;146ml[38;2;122;118;135mc[38;2;131;123;142ml[38;2;130;121;140ml[38;2;128;119;139ml[38;2;129;122;140ml[38;2;166;159;188mx[38;2;124;120;146ml[38;2;159;83;95m:[38;2;224;64;53mc[38;2;236;62;53mc[38;2;235;62;52mc[38;2;236;62;52mc[38;2;228;62;56mc[38;2;217;178;189mO[38;2;203;202;227mK[38;2;193;190;221m0[38;2;192;179;211mO[38;2;227;155;168mk[38;2;250;153;157mO[38;2;248;153;156mO[38;2;248;152;156mO[38;2;246;153;156mO[38;2;238;153;158mk[38;2;229;188;190m0[38;2;239;223;222mN[38;2;252;234;234mW[38;2;253;235;235mW[38;2;252;231;230mN[38;2;249;217;217mN[38;2;247;204;203mX[38;2;247;193;190mK[38;2;245;175;177m0[38;2;245;156;161mO[38;2;245;149;152mk[38;2;224;126;129md[38;2;204;99;106ml[38;2;182;72;78m:[38;2;171;50;52m,[38;2;230;60;52m:[38;2;234;58;47m:[38;2;237;57;48m:[38;2;233;57;47m:[38;2;230;56;46m:[38;2;231;57;48m:[38;2;226;53;44m:[38;2;228;53;46m:[38;2;165;34;34m'[38;2;134;25;33m.[38;2;134;24;33m.[38;2;136;25;31m.[38;2;200;46;41m;[38;2;212;51;47m:[38;2;15;6;6m [38;2;0;0;0m   [0m
[0m[38;2;135;132;149mo[38;2;136;133;150mo[38;2;135;131;148mo[38;2;120;116;133mc[38;2;133;129;146ml[38;2;130;126;143ml[38;2;128;124;141ml[38;2;115;111;128mc[38;2;107;103;120m:[38;2;125;117;136mc[38;2;123;114;133mc[38;2;122;113;132mc[38;2;120;111;130mc[38;2;114;107;125mc[38;2;88;78;102m,[38;2;125;118;142ml[38;2;181;97;106ml[38;2;235;68;57mc[38;2;239;65;55mc[38;2;239;65;54mc[38;2;238;65;56mc[38;2;212;97;97ml[38;2;195;185;217m0[38;2;187;183;216mO[38;2;185;180;214mO[38;2;186;177;209mO[38;2;216;162;183mO[38;2;243;156;162mO[38;2;247;156;159mO[38;2;247;156;160mO[38;2;234;195;204mK[38;2;233;230;239mN[38;2;206;202;210mK[38;2;184;178;188mO[38;2;168;161;173mx[38;2;156;140;155md[38;2;162;132;149mo[38;2;180;139;154md[38;2;208;154;170mk[38;2;213;159;178mk[38;2;168;128;149mo[38;2;97;42;54m.[38;2;133;50;63m,[38;2;135;26;34m.[38;2;142;23;30m.[38;2;186;44;44m,[38;2;236;65;52mc[38;2;237;64;53mc[38;2;235;64;52mc[38;2;230;63;50mc[38;2;233;63;51mc[38;2;229;61;50m:[38;2;222;56;46m:[38;2;203;50;47m;[38;2;136;25;32m.[38;2;133;25;33m.[38;2;132;25;33m.[38;2;131;26;33m.[38;2;158;31;34m'[38;2;212;49;44m;[38;2;112;37;31m.[38;2;0;0;0m   [0m
[0m[38;2;112;106;124m:[38;2;113;107;125mc[38;2;119;115;132mc[38;2;108;104;121m:[38;2;106;102;119m:[38;2;121;117;134mc[38;2;120;115;133mc[38;2;90;81;100m,[38;2;91;82;101m;[38;2;117;108;127mc[38;2;113;104;123m:[38;2;117;108;126mc[38;2;167;163;174mx[38;2;150;146;168md[38;2;129;125;152ml[38;2;126;121;148ml[38;2;129;98;113m:[38;2;229;78;66mc[38;2;238;74;61mc[38;2;237;75;59mc[38;2;237;75;60mc[38;2;230;70;61mc[38;2;202;131;145md[38;2;185;180;217mO[38;2;181;176;213mO[38;2;182;176;213mO[38;2;188;181;217mO[38;2;231;163;175mO[38;2;249;166;170m0[38;2;220;151;159mk[38;2;150;133;145mo[38;2;118;109;126mc[38;2;109;101;116m:[38;2;108;100;115m:[38;2;107;99;114m:[38;2;103;95;110m:[38;2;98;89;105m;[38;2;94;83;99m;[38;2;87;76;92m,[38;2;93;81;106m;[38;2;106;93;121m:[38;2;50;37;57m.[38;2;94;83;111m;[38;2;101;76;96m,[38;2;88;29;42m.[38;2;205;67;56m:[38;2;236;77;61ml[38;2;237;77;61ml[38;2;233;76;61mc[38;2;233;76;61mc[38;2;231;74;59mc[38;2;228;71;56mc[38;2;219;63;49m:[38;2;164;38;41m,[38;2;133;26;34m.[38;2;132;25;32m.[38;2;131;24;30m.[38;2;130;25;30m.[38;2;134;24;30m.[38;2;181;39;39m,[38;2;203;50;47m;[38;2;19;10;10m [38;2;0;0;0m  [0m
[0m[38;2;97;88;107m;[38;2;92;83;102m;[38;2;83;75;94m,[38;2;83;76;94m,[38;2;75;67;86m'[38;2;97;89;107m;[38;2;87;78;97m,[38;2;70;58;78m'[38;2;70;58;78m'[38;2;75;63;83m'[38;2;88;76;96m,[38;2;141;133;153mo[38;2;189;187;210mO[38;2;65;55;77m.[38;2;62;52;71m.[38;2;65;52;70m.[38;2;161;74;70m:[38;2;239;89;72ml[38;2;241;88;69ml[38;2;241;88;70ml[38;2;240;88;72ml[38;2;225;96;85ml[38;2;219;95;88ml[38;2;201;156;172mk[38;2;201;196;222m0[38;2;186;183;214mO[38;2;191;184;216mO[38;2;218;175;190mO[38;2;239;175;179m0[38;2;152;121;134ml[38;2;110;101;120m:[38;2;110;101;120m:[38;2;109;100;119m:[38;2;107;98;116m:[38;2;105;97;112m:[38;2;101;93;108m;[38;2;97;88;103m;[38;2;92;81;95m,[38;2;86;75;90m,[38;2;62;49;69m.[38;2;52;39;59m.[38;2;50;38;58m.[38;2;52;38;61m.[38;2;146;139;169mo[38;2;62;34;48m.[38;2;229;93;80ml[38;2;240;94;73mo[38;2;239;94;73mo[38;2;238;93;74mo[38;2;235;90;71ml[38;2;232;87;68ml[38;2;230;81;64ml[38;2;213;74;63mc[38;2;137;27;32m.[38;2;128;25;33m.[38;2;130;24;31m.[38;2;131;24;31m.[38;2;130;24;30m.[38;2;132;24;30m.[38;2;138;26;30m.[38;2;187;42;40m,[38;2;163;49;50m,[38;2;8;8;8m [38;2;8;4;6m [0m
[0m[38;2;78;66;86m'[38;2;79;67;87m'[38;2;79;67;87m'[38;2;68;56;76m.[38;2;60;48;68m.[38;2;58;46;66m.[38;2;58;47;67m.[38;2;58;46;66m.[38;2;56;44;64m.[38;2;59;46;66m.[38;2;57;47;67m.[38;2;145;137;169mo[38;2;135;126;156ml[38;2;60;47;67m.[38;2;60;48;67m.[38;2;149;84;80m:[38;2;241;123;94md[38;2;239;113;86md[38;2;244;116;88md[38;2;245;115;87md[38;2;246;111;85md[38;2;224;135;127mx[38;2;232;207;208mK[38;2;222;129;116md[38;2;241;234;235mN[38;2;223;221;233mX[38;2;197;193;221m0[38;2;200;191;219m0[38;2;235;182;188m0[38;2;145;118;133ml[38;2;110;101;120m:[38;2;110;101;120m:[38;2;108;99;120m:[38;2;107;98;115m:[38;2;104;96;111m:[38;2;101;93;108m;[38;2;97;88;104m;[38;2;94;83;98m;[38;2;87;76;91m,[38;2;56;45;61m.[38;2;80;68;91m'[38;2;105;95;121m:[38;2;100;91;119m;[38;2;119;110;140mc[38;2;86;57;70m'[38;2;238;114;90md[38;2;240;115;87md[38;2;238;115;87md[38;2;236;115;88md[38;2;234;113;86md[38;2;232;110;84mo[38;2;228;101;80mo[38;2;212;87;73ml[38;2;129;26;29m.[38;2;127;23;32m.[38;2;127;23;30m.[38;2;127;23;30m.[38;2;128;24;29m.[38;2;131;24;30m.[38;2;136;25;31m.[38;2;147;27;33m.[38;2;188;42;42m,[38;2;126;49;49m'[38;2;111;33;44m.[0m
[0m[38;2;54;42;62m.[38;2;55;43;63m.[38;2;56;44;64m.[38;2;56;44;64m.[38;2;47;35;55m.[38;2;44;32;52m.[38;2;45;33;53m.[38;2;46;34;54m.[38;2;49;37;57m.[38;2;50;37;57m.[38;2;64;53;78m.[38;2;156;146;183md[38;2;85;74;98m,[38;2;55;42;58m.[38;2;140;87;82m:[38;2;237;146;116mk[38;2;245;149;117mk[38;2;226;130;98md[38;2;246;149;115mk[38;2;245;147;111mk[38;2;244;145;111mk[38;2;236;125;121mx[38;2;234;194;201mK[38;2;236;195;190mK[38;2;232;178;165m0[38;2;244;242;249mW[38;2;232;230;243mN[38;2;217;208;223mK[38;2;246;218;219mN[38;2;129;116;128mc[38;2;110;101;120m:[38;2;110;101;120m:[38;2;108;99;119m:[38;2;107;99;116m:[38;2;105;97;112m:[38;2;102;94;109m;[38;2;99;91;106m;[38;2;95;84;100m;[38;2;69;58;74m.[38;2;57;45;64m.[38;2;85;71;99m,[38;2;121;110;141mc[38;2;121;110;138mc[38;2;98;86;112m;[38;2;76;51;62m.[38;2;235;133;105mx[38;2;238;134;102mx[38;2;234;135;101mx[38;2;231;135;102mx[38;2;230;134;102mx[38;2;228;133;101mx[38;2;226;130;101md[38;2;219;119;96md[38;2;117;48;50m'[38;2;108;24;33m.[38;2;122;23;28m.[38;2;125;23;29m.[38;2;129;23;29m.[38;2;134;24;29m.[38;2;139;25;31m.[38;2;145;27;31m.[38;2;155;30;32m'[38;2;185;41;40m,[38;2;154;30;31m'[0m
[0m[38;2;38;26;46m.[38;2;35;23;43m [38;2;35;23;43m [38;2;36;24;44m.[38;2;40;27;47m.[38;2;48;36;56m.[38;2;38;26;46m.[38;2;39;26;47m.[38;2;42;29;49m.[38;2;43;30;49m.[38;2;96;84;113m;[38;2;141;129;166mo[38;2;52;37;59m.[38;2;143;86;79m:[38;2;236;144;115mx[38;2;245;153;120mk[38;2;245;152;121mk[38;2;219;121;91md[38;2;248;153;120mk[38;2;240;152;115mk[38;2;227;127;109md[38;2;219;99;109mo[38;2;221;109;122mo[38;2;220;182;194m0[38;2;219;158;142mk[38;2;238;230;236mN[38;2;237;235;248mN[38;2;224;222;234mX[38;2;222;214;226mX[38;2;103;95;109m:[38;2;111;100;117m:[38;2;110;99;116m:[38;2;109;99;116m:[38;2;108;98;114m:[38;2;105;96;111m:[38;2;97;89;104m;[38;2;87;78;93m,[38;2;70;58;75m.[38;2;71;59;76m'[38;2;65;52;72m.[38;2;57;44;64m.[38;2;56;43;63m.[38;2;54;45;65m.[38;2;81;74;97m,[38;2;118;103;130mc[38;2;203;130;111md[38;2;229;140;109mx[38;2;226;139;108mx[38;2;225;138;107mx[38;2;224;138;107mx[38;2;224;138;106mx[38;2;222;137;105mx[38;2;219;131;102md[38;2;151;84;73m:[38;2;48;28;44m.[38;2;95;24;32m.[38;2;124;23;27m.[38;2;129;24;30m.[38;2;137;25;30m.[38;2;144;25;30m.[38;2;150;27;30m'[38;2;155;29;32m'[38;2;166;32;34m'[38;2;187;42;39m,[0m
[0m[38;2;33;21;41m [38;2;33;21;41m [38;2;32;20;41m [38;2;32;19;39m [38;2;32;19;37m [38;2;32;19;37m [38;2;36;23;41m [38;2;37;24;43m.[38;2;36;23;42m.[38;2;40;27;47m.[38;2;131;120;156ml[38;2;121;109;141mc[38;2;144;89;81m:[38;2;238;146;116mk[38;2;245;152;120mk[38;2;246;152;121mk[38;2;244;152;120mk[38;2;222;124;94md[38;2;242;149;117mk[38;2;225;136;107mx[38;2;191;74;85mc[38;2;192;64;88m:[38;2;191;65;87m:[38;2;187;72;93m:[38;2;199;125;124md[38;2;209;186;193m0[38;2;219;215;231mX[38;2;212;207;227mK[38;2;132;124;145ml[38;2;88;77;94m,[38;2;101;89;105m;[38;2;99;87;104m;[38;2;94;82;99m;[38;2;89;77;93m,[38;2;82;69;86m'[38;2;76;63;80m'[38;2;72;59;76m'[38;2;68;55;72m.[38;2;64;51;68m.[38;2;63;50;70m.[38;2;59;46;66m.[38;2;54;41;61m.[38;2;54;42;62m.[38;2;53;41;60m.[38;2;58;49;70m.[38;2;130;87;85m:[38;2;217;134;105md[38;2;218;136;105mx[38;2;220;135;105mx[38;2;220;135;105mx[38;2;220;135;105mx[38;2;221;136;104mx[38;2;220;135;104mx[38;2;205;121;98mo[38;2;70;43;52m.[38;2;55;29;48m.[38;2;120;23;34m.[38;2;131;24;29m.[38;2;139;25;30m.[38;2;149;28;31m'[38;2;154;29;31m'[38;2;159;30;34m'[38;2;166;32;36m'[38;2;174;36;35m,[0m
[0m[38;2;33;21;41m [38;2;33;21;41m [38;2;33;20;41m [38;2;32;19;38m [38;2;31;18;35m [38;2;30;17;34m [38;2;31;18;35m [38;2;32;19;39m [38;2;34;21;41m [38;2;55;43;66m.[38;2;147;137;173mo[38;2;159;123;140mo[38;2;236;141;110mx[38;2;244;149;113mk[38;2;244;152;114mk[38;2;244;152;114mk[38;2;246;154;120mk[38;2;231;135;103mx[38;2;235;142;110mx[38;2;197;92;89ml[38;2;188;66;86m:[38;2;187;65;86m:[38;2;186;64;85m:[38;2;185;64;85m:[38;2;183;84;90mc[38;2;182;152;166mx[38;2;189;179;201mO[38;2;196;187;208m0[38;2;100;90;109m;[38;2;83;70;87m,[38;2;83;70;87m,[38;2;83;70;87m,[38;2;81;68;85m'[38;2;78;65;82m'[38;2;76;63;80m'[38;2;72;59;76m'[38;2;67;54;71m.[38;2;63;50;67m.[38;2;61;48;65m.[38;2;57;44;64m.[38;2;56;43;63m.[38;2;54;41;61m.[38;2;52;39;59m.[38;2;51;39;59m.[38;2;68;56;76m.[38;2;83;61;71m'[38;2;197;123;100mo[38;2;218;133;101md[38;2;220;133;105md[38;2;220;135;106mx[38;2;220;135;105mx[38;2;220;135;104mx[38;2;221;136;105mx[38;2;216;130;98md[38;2;142;87;85m:[38;2;64;49;67m.[38;2;106;23;40m.[38;2;134;25;29m.[38;2;140;25;29m.[38;2;150;28;31m'[38;2;157;30;34m'[38;2;161;31;35m'[38;2;168;33;36m'[38;2;173;35;35m,[0m
