[0m[38;2;0;0;0m              [38;2;11;11;11m [38;2;17;25;28m [38;2;0;0;0m    [38;2;17;26;30m [38;2;0;0;0m                [38;2;5;7;8m [38;2;2;2;2m [38;2;0;0;0m   [38;2;10;13;15m [38;2;0;0;0m                     [0m
[0m[38;2;0;0;0m               [38;2;7;10;11m [38;2;9;9;9m [38;2;0;0;0m  [38;2;3;5;5m [38;2;2;3;4m [38;2;0;0;0m                [38;2;8;8;8m [38;2;6;8;9m [38;2;1;1;1m [38;2;0;0;0m  [38;2;8;11;12m [38;2;0;0;0m                     [0m
[0m[38;2;0;0;0m               [38;2;21;21;21m [38;2;16;21;22m [38;2;0;0;0m  [38;2;12;17;19m [38;2;16;16;16m [38;2;0;0;0m  [38;2;5;5;5m [38;2;32;29;29m.[38;2;74;59;57m.[38;2;106;67;61m,[38;2;134;78;73m;[38;2;156;76;74m:[38;2;167;75;71m:[38;2;182;79;75m:[38;2;180;78;73m:[38;2;168;72;67m:[38;2;156;82;78m:[38;2;142;86;80m:[38;2;121;76;71m;[38;2;96;67;62m'[38;2;68;54;52m.[38;2;22;22;21m [38;2;9;12;13m [38;2;5;5;5m [38;2;5;6;6m [38;2;8;11;12m [38;2;0;0;0m                     [0m
[0m[38;2;0;0;0m                [38;2;80;80;80m [38;2;6;7;7m [38;2;9;9;9m [38;2;15;18;19m [38;2;38;34;34m.[38;2;110;85;83m;[38;2;172;123;117mo[38;2;220;151;143mk[38;2;245;160;147mO[38;2;248;151;136mk[38;2;250;155;141mO[38;2;248;148;130mk[38;2;248;134;119mx[38;2;249;145;128mk[38;2;246;141;123mk[38;2;251;152;132mk[38;2;250;152;129mk[38;2;243;144;124mk[38;2;244;151;130mk[38;2;251;149;132mk[38;2;245;144;129mk[38;2;243;142;127mk[38;2;237;135;127mx[38;2;217;128;123md[38;2;199;108;107mo[38;2;218;105;105mo[38;2;213;104;105mo[38;2;106;58;64m'[38;2;1;1;1m [38;2;0;0;0m                   [0m
[0m[38;2;0;0;0m                [38;2;34;24;28m [38;2;182;130;137md[38;2;190;125;125mo[38;2;142;125;129ml[38;2;237;140;138mk[38;2;248;134;128mx[38;2;248;136;126mk[38;2;251;139;129mk[38;2;252;140;130mk[38;2;252;141;131mk[38;2;252;141;131mk[38;2;251;142;131mk[38;2;244;136;125mx[38;2;253;139;129mk[38;2;253;138;126mk[38;2;253;138;125mk[38;2;251;140;127mk[38;2;250;139;126mk[38;2;244;135;122mx[38;2;246;134;124mx[38;2;243;125;117mx[38;2;250;125;120mx[38;2;252;114;112md[38;2;250;106;107md[38;2;241;100;100mo[38;2;244;97;97mo[38;2;219;89;95ml[38;2;161;94;94mc[38;2;99;91;96m;[38;2;47;61;66m.[38;2;10;13;14m [38;2;0;0;0m                 [0m
[0m[38;2;0;0;0m               [38;2;60;43;48m.[38;2;232;101;119mo[38;2;196;99;111ml[38;2;114;110;113mc[38;2;85;94;102m;[38;2;221;114;116md[38;2;241;105;105md[38;2;249;113;113md[38;2;249;117;113md[38;2;249;117;114md[38;2;252;114;113md[38;2;250;118;115mx[38;2;241;114;109md[38;2;250;120;116mx[38;2;252;116;114mx[38;2;251;116;114md[38;2;251;116;109md[38;2;246;115;110md[38;2;247;116;112md[38;2;251;121;115mx[38;2;250;116;111md[38;2;247;110;107md[38;2;239;103;102mo[38;2;249;112;106md[38;2;237;115;109md[38;2;247;128;121mx[38;2;247;146;133mk[38;2;245;154;138mk[38;2;236;179;158m0[38;2;159;146;134md[38;2;87;99;99m;[38;2;81;100;105m;[38;2;63;82;82m,[38;2;34;47;49m.[38;2;3;4;4m [38;2;0;0;0m              [0m
[0m[38;2;0;0;0m             [38;2;2;2;2m [38;2;39;41;43m.[38;2;201;109;127mo[38;2;153;99;108mc[38;2;95;114;118m:[38;2;83;99;103m;[38;2;66;79;89m,[38;2;172;101;99ml[38;2;239;133;123mx[38;2;246;149;136mk[38;2;249;151;139mk[38;2;246;139;129mk[38;2;248;131;123mx[38;2;237;113;110md[38;2;239;140;130mk[38;2;249;158;143mO[38;2;249;164;147mO[38;2;248;168;149mO[38;2;245;153;139mk[38;2;244;143;132mk[38;2;233;144;128mk[38;2;248;211;179mX[38;2;246;200;171mK[38;2;236;150;136mk[38;2;230;157;144mk[38;2;243;170;150mO[38;2;244;240;196mN[38;2;232;205;169mK[38;2;253;249;207mW[38;2;249;247;205mW[38;2;248;248;206mW[38;2;244;235;192mN[38;2;183;157;137mx[38;2;83;88;84m,[38;2;76;99;96m;[38;2;74;101;98m;[38;2;65;119;118m:[38;2;41;73;77m.[38;2;3;4;4m [38;2;0;0;0m            [0m
[0m[38;2;0;0;0m            [38;2;29;34;34m.[38;2;88;110;114m:[38;2;103;114;122mc[38;2;110;110;122mc[38;2;87;114;117m:[38;2;88;112;117m:[38;2;64;83;86m,[38;2;62;83;87m,[38;2;127;111;105mc[38;2;248;234;205mN[38;2;250;248;212mW[38;2;251;250;210mW[38;2;244;225;196mN[38;2;245;203;176mK[38;2;217;136;126mx[38;2;246;236;207mN[38;2;250;251;215mW[38;2;250;249;214mW[38;2;248;248;213mW[38;2;239;211;181mX[38;2;240;166;147mO[38;2;234;138;125mx[38;2;248;221;185mX[38;2;246;207;175mX[38;2;223;130;117md[38;2;245;149;140mk[38;2;220;114;107md[38;2;247;179;158m0[38;2;235;154;137mk[38;2;246;162;147mO[38;2;249;170;154m0[38;2;235;167;147mO[38;2;246;176;156m0[38;2;239;169;149mO[38;2;165;95;90mc[38;2;54;75;74m'[38;2;77;141;137mc[38;2;65;145;141mc[38;2;73;162;156mo[38;2;66;127;126m:[38;2;38;58;60m.[38;2;7;7;7m [38;2;0;0;0m          [0m
[0m[38;2;0;0;0m          [38;2;6;8;8m [38;2;74;99;103m;[38;2;83;126;129mc[38;2;81;125;130mc[38;2;76;118;122m:[38;2;78;123;127mc[38;2;80;137;134mc[38;2;74;104;109m;[38;2;55;77;81m'[38;2;59;79;81m'[38;2;147;134;124mo[38;2;251;242;213mW[38;2;248;235;201mN[38;2;250;225;196mN[38;2;242;186;168m0[38;2;245;147;140mk[38;2;206;101;102ml[38;2;249;159;150mO[38;2;249;151;141mk[38;2;248;142;135mk[38;2;250;123;123mx[38;2;245;107;109md[38;2;231;93;99mo[38;2;230;89;99ml[38;2;239;83;92ml[38;2;246;84;95mo[38;2;219;75;82mc[38;2;245;82;92ml[38;2;201;62;71m:[38;2;237;77;87ml[38;2;250;77;84ml[38;2;236;72;81ml[38;2;251;75;84ml[38;2;241;74;79ml[38;2;244;75;83ml[38;2;249;71;82ml[38;2;243;72;84ml[38;2;134;112;138mc[38;2;44;107;126m;[38;2;67;130;134mc[38;2;64;84;88m,[38;2;55;70;73m'[38;2;45;65;68m.[38;2;17;26;28m [38;2;0;0;0m          [0m
[0m[38;2;0;0;0m         [38;2;23;31;32m [38;2;81;149;153ml[38;2;71;175;173mo[38;2;75;168;169mo[38;2;62;161;162ml[38;2;82;216;207mk[38;2;65;155;157ml[38;2;64;167;165mo[38;2;61;130;143mc[38;2;45;77;89m'[38;2;48;71;77m'[38;2;167;88;94mc[38;2;248;104;111md[38;2;248;105;110md[38;2;251;95;104mo[38;2;252;84;94mo[38;2;243;83;96ml[38;2;216;64;81mc[38;2;252;77;90ml[38;2;248;83;93mo[38;2;241;76;90ml[38;2;252;77;91ml[38;2;238;76;91ml[38;2;231;125;134mx[38;2;231;108;117md[38;2;231;89;96ml[38;2;231;91;103mo[38;2;228;109;116md[38;2;231;100;107mo[38;2;223;106;114mo[38;2;198;91;101ml[38;2;252;86;95mo[38;2;225;84;91ml[38;2;244;88;98mo[38;2;250;85;97mo[38;2;225;72;84mc[38;2;249;81;97ml[38;2;237;76;83ml[38;2;209;89;99ml[38;2;65;64;73m'[38;2;49;56;58m.[38;2;49;52;58m.[38;2;51;52;56m.[38;2;44;54;60m.[38;2;22;34;38m.[38;2;17;17;17m [38;2;0;0;0m         [0m
[0m[38;2;0;0;0m        [38;2;16;21;22m [38;2;76;136;141mc[38;2;78;218;210mk[38;2;58;145;143mc[38;2;67;112;117m:[38;2;67;116;120m:[38;2;64;119;123m:[38;2;61;97;105m;[38;2;59;108;116m;[38;2;47;116;137m;[38;2;50;122;157m:[38;2;39;100;134m,[38;2;157;102;128ml[38;2;249;68;88ml[38;2;248;72;88ml[38;2;250;71;89ml[38;2;251;74;89ml[38;2;232;72;87mc[38;2;240;80;99ml[38;2;241;86;96mo[38;2;239;100;109mo[38;2;227;98;105mo[38;2;253;99;109md[38;2;220;108;115mo[38;2;242;208;200mX[38;2;230;130;136mx[38;2;232;129;133mx[38;2;231;144;147mk[38;2;230;142;146mk[38;2;232;155;154mk[38;2;229;146;150mk[38;2;213;185;176m0[38;2;248;126;130mx[38;2;236;129;132mx[38;2;220;142;140mx[38;2;250;117;125mx[38;2;215;100;106mo[38;2;249;117;125mx[38;2;216;96;102ml[38;2;245;118;126mx[38;2;93;57;61m'[38;2;56;51;59m.[38;2;65;48;47m.[38;2;159;65;70m;[38;2;89;53;59m'[38;2;15;15;15m [38;2;0;0;0m          [0m
[0m[38;2;0;0;0m        [38;2;35;35;35m [38;2;91;91;91m [38;2;26;42;45m.[38;2;69;80;87m,[38;2;55;66;74m.[38;2;51;62;72m.[38;2;44;62;69m.[38;2;42;60;68m.[38;2;43;60;68m.[38;2;45;61;71m.[38;2;50;75;90m'[38;2;49;84;115m,[38;2;116;99;126m:[38;2;248;71;92ml[38;2;247;72;89ml[38;2;251;72;89ml[38;2;252;76;95ml[38;2;237;80;96ml[38;2;247;104;117md[38;2;227;102;109mo[38;2;223;143;143mx[38;2;238;129;136mx[38;2;247;135;140mk[38;2;214;181;175mO[38;2;230;219;205mX[38;2;232;148;148mk[38;2;232;180;175m0[38;2;238;185;183m0[38;2;229;186;180m0[38;2;236;191;183mK[38;2;229;173;173mO[38;2;178;176;174mk[38;2;197;137;160mx[38;2;221;158;181mO[38;2;145;119;123ml[38;2;243;155;159mO[38;2;205;130;128md[38;2;237;143;142mk[38;2;196;94;97ml[38;2;242;119;127mx[38;2;137;86;86m:[38;2;133;68;76m;[38;2;235;73;85ml[38;2;248;62;76mc[38;2;241;69;81mc[38;2;95;47;53m.[38;2;2;2;2m [38;2;0;0;0m         [0m
[0m[38;2;0;0;0m          [38;2;6;6;6m [38;2;222;108;123mo[38;2;226;76;99ml[38;2;189;72;93m:[38;2;66;55;61m.[38;2;51;56;66m.[38;2;51;55;64m.[38;2;49;56;65m.[38;2;88;55;72m'[38;2;145;45;70m,[38;2;135;43;62m'[38;2;240;76;97ml[38;2;250;69;88ml[38;2;249;75;90ml[38;2;249;82;98mo[38;2;241;87;100mo[38;2;224;100;109mo[38;2;216;115;123md[38;2;146;107;141ml[38;2;212;151;181mk[38;2;200;166;193mk[38;2;155;160;164mx[38;2;213;212;203mK[38;2;245;221;209mN[38;2;248;232;219mN[38;2;251;238;224mW[38;2;251;235;224mW[38;2;249;241;224mW[38;2;236;228;214mN[38;2;129;142;161mo[38;2;64;86;157m;[38;2;112;134;193mo[38;2;183;201;215m0[38;2;245;233;229mN[38;2;233;205;197mK[38;2;189;91;102mc[38;2;180;62;77m:[38;2;225;89;103ml[38;2;150;87;91m:[38;2;75;79;77m,[38;2;36;16;17m [38;2;245;62;77mc[38;2;249;56;74mc[38;2;243;64;80mc[38;2;121;60;67m,[38;2;3;3;3m [38;2;0;0;0m        [0m
[0m[38;2;0;0;0m          [38;2;95;61;65m'[38;2;247;82;103mo[38;2;247;74;97ml[38;2;247;70;93ml[38;2;199;67;82m:[38;2;141;64;74m;[38;2;99;61;68m'[38;2;63;58;64m.[38;2;73;52;65m.[38;2;165;46;79m,[38;2;171;39;70m,[38;2;213;61;81m:[38;2;248;69;84ml[38;2;250;71;88ml[38;2;250;76;91ml[38;2;244;82;95ml[38;2;224;152;152mk[38;2;158;147;170md[38;2;54;84;172m,[38;2;98;112;177mc[38;2;134;167;215mx[38;2;158;189;204mO[38;2;250;243;233mW[38;2;251;241;222mW[38;2;252;239;225mW[38;2;252;238;225mW[38;2;252;238;225mW[38;2;252;238;225mW[38;2;253;237;224mW[38;2;238;232;224mN[38;2;167;163;188mx[38;2;188;176;204mO[38;2;210;192;198m0[38;2;220;191;185m0[38;2;216;170;167mO[38;2;168;44;67m,[38;2;168;34;55m,[38;2;206;51;66m:[38;2;231;74;89ml[38;2;108;78;82m;[38;2;30;33;34m.[38;2;74;74;74m [38;2;181;46;57m;[38;2;248;58;73mc[38;2;246;58;76mc[38;2;131;59;67m;[38;2;3;3;3m [38;2;0;0;0m       [0m
[0m[38;2;0;0;0m        [38;2;1;1;1m [38;2;61;56;62m.[38;2;227;94;114mo[38;2;251;73;96ml[38;2;248;73;96ml[38;2;245;72;95ml[38;2;238;66;89mc[38;2;244;67;92ml[38;2;248;66;88ml[38;2;154;56;76m;[38;2;55;59;64m.[38;2;145;46;78m,[38;2;170;39;72m,[38;2;179;46;71m;[38;2;246;71;86ml[38;2;249;68;83ml[38;2;251;69;84ml[38;2;247;76;93ml[38;2;238;190;187mK[38;2;216;204;206mK[38;2;133;138;160mo[38;2;163;152;182mx[38;2;171;163;184mx[38;2;209;194;197m0[38;2;248;222;213mN[38;2;253;228;218mN[38;2;253;235;223mW[38;2;253;238;225mW[38;2;253;239;226mW[38;2;253;238;224mW[38;2;253;233;221mN[38;2;254;223;215mN[38;2;253;211;206mX[38;2;251;198;197mK[38;2;250;189;191mK[38;2;249;187;189mK[38;2;200;120;129md[38;2;170;38;64m,[38;2;166;35;55m,[38;2;200;44;62m;[38;2;217;44;61m;[38;2;181;72;82m:[38;2;78;92;92m;[38;2;9;10;11m [38;2;56;56;56m [38;2;141;40;52m'[38;2;249;56;73mc[38;2;245;60;80mc[38;2;89;51;56m.[38;2;0;0;0m       [0m
[0m[38;2;0;0;0m       [38;2;6;7;8m [38;2;70;97;108m;[38;2;139;92;105m:[38;2;249;76;95ml[38;2;250;69;94ml[38;2;248;70;95ml[38;2;238;68;89mc[38;2;226;62;88mc[38;2;233;64;87mc[38;2;243;66;86mc[38;2;156;44;71m,[38;2;58;60;69m.[38;2;116;67;85m,[38;2;170;40;72m,[38;2;168;40;69m,[38;2;213;61;79m:[38;2;251;65;81ml[38;2;250;68;83ml[38;2;251;71;86ml[38;2;236;139;143mk[38;2;252;203;203mX[38;2;250;198;197mK[38;2;251;194;195mK[38;2;251;192;194mK[38;2;252;194;196mK[38;2;252;206;203mX[38;2;251;218;211mN[38;2;252;228;218mN[38;2;253;236;223mW[38;2;252;239;224mW[38;2;252;240;223mW[38;2;249;237;220mW[38;2;252;231;218mN[38;2;252;223;212mN[38;2;252;212;205mX[38;2;251;203;199mX[38;2;250;203;199mX[38;2;178;92;103mc[38;2;171;36;64m,[38;2;167;32;53m'[38;2;200;46;69m;[38;2;173;28;51m'[38;2;234;70;84mc[38;2;100;82;82m;[38;2;71;88;90m,[38;2;1;2;2m [38;2;46;46;46m [38;2;129;39;49m'[38;2;247;56;74mc[38;2;230;72;86mc[38;2;49;40;42m.[38;2;0;0;0m      [0m
[0m[38;2;0;0;0m      [38;2;10;13;14m [38;2;78;108;114m:[38;2;90;100;114m:[38;2;214;88;108ml[38;2;249;75;93ml[38;2;250;71;96ml[38;2;89;35;43m.[38;2;203;78;92mc[38;2;215;61;90mc[38;2;205;55;79m:[38;2;214;61;80m:[38;2;169;45;72m,[38;2;96;73;82m,[38;2;85;91;98m;[38;2;148;54;80m,[38;2;170;38;69m,[38;2;176;41;67m,[38;2;237;71;90ml[38;2;251;71;85ml[38;2;250;74;88ml[38;2;235;103;111mo[38;2;249;216;204mX[38;2;250;215;206mX[38;2;251;209;203mX[38;2;251;208;202mX[38;2;251;212;205mX[38;2;252;220;210mN[38;2;251;228;216mN[38;2;251;236;221mW[38;2;252;239;223mW[38;2;252;240;223mW[38;2;252;240;223mW[38;2;252;240;223mW[38;2;252;237;222mW[38;2;251;236;221mW[38;2;252;231;219mN[38;2;251;229;218mN[38;2;227;194;188mK[38;2;162;52;73m;[38;2;168;40;68m,[38;2;169;30;52m'[38;2;192;53;71m;[38;2;166;33;55m'[38;2;222;56;72m:[38;2;153;78;83m:[38;2;80;94;94m;[38;2;55;67;72m.[38;2;2;2;2m [38;2;56;56;56m [38;2;186;52;65m;[38;2;247;57;75mc[38;2;159;81;87m:[38;2;36;46;47m.[38;2;0;0;0m     [0m
[0m[38;2;0;0;0m     [38;2;5;6;7m [38;2;79;111;122m:[38;2;73;100;107m;[38;2;54;45;50m.[38;2;245;84;104mo[38;2;249;76;99ml[38;2;151;57;70m;[38;2;15;10;11m [38;2;236;87;105mo[38;2;219;61;87mc[38;2;173;43;74m,[38;2;177;50;79m;[38;2;166;45;73m,[38;2;139;61;82m,[38;2;84;93;99m;[38;2;104;83;87m;[38;2;164;43;73m,[38;2;168;42;71m,[38;2;185;49;73m;[38;2;244;90;103mo[38;2;248;91;98mo[38;2;247;96;111mo[38;2;237;196;187mK[38;2;250;235;221mW[38;2;252;230;219mN[38;2;251;234;220mN[38;2;252;235;220mW[38;2;252;236;221mW[38;2;252;237;222mW[38;2;251;238;222mW[38;2;248;237;220mW[38;2;245;234;217mN[38;2;245;234;217mN[38;2;250;238;221mW[38;2;251;237;224mW[38;2;250;236;223mW[38;2;247;235;221mN[38;2;212;171;167mO[38;2;174;67;84m:[38;2;173;42;68m,[38;2;172;37;64m,[38;2;180;39;64m,[38;2;57;35;36m.[38;2;163;41;64m,[38;2;200;47;65m;[38;2;208;73;84mc[38;2;82;89;87m,[38;2;72;95;96m;[38;2;13;16;17m [38;2;0;0;0m [38;2;14;8;9m [38;2;243;59;74mc[38;2;203;70;84mc[38;2;80;94;98m;[38;2;28;34;36m.[38;2;0;0;0m    [0m
[0m[38;2;0;0;0m    [38;2;7;7;7m [38;2;74;99;111m;[38;2;79;108;123m:[38;2;12;17;18m [38;2;87;50;60m.[38;2;248;80;99ml[38;2;230;78;99ml[38;2;2;1;1m [38;2;25;17;19m [38;2;247;79;101ml[38;2;232;68;92mc[38;2;171;46;72m,[38;2;162;45;72m,[38;2;161;47;73m,[38;2;165;46;74m,[38;2;99;84;96m;[38;2;80;98;102m;[38;2;127;68;88m;[38;2;168;41;70m,[38;2;168;43;70m,[38;2;193;65;88m:[38;2;247;115;126md[38;2;249;121;123mx[38;2;228;142;146mk[38;2;238;200;196mK[38;2;240;213;206mX[38;2;243;220;213mN[38;2;246;229;217mN[38;2;252;237;222mW[38;2;251;240;223mW[38;2;250;239;223mW[38;2;251;237;222mW[38;2;251;237;222mW[38;2;251;235;221mW[38;2;250;236;222mW[38;2;234;212;204mX[38;2;207;156;157mk[38;2;167;84;96m:[38;2;150;44;62m'[38;2;178;43;67m,[38;2;178;43;68m,[38;2;173;41;65m,[38;2;187;59;75m:[38;2;6;5;5m [38;2;129;48;64m'[38;2;192;43;64m;[38;2;240;73;88ml[38;2;93;78;83m,[38;2;77;91;91m,[38;2;59;75;78m'[38;2;0;0;0m [38;2;13;13;13m [38;2;79;33;38m.[38;2;211;72;88mc[38;2;80;90;89m,[38;2;73;94;101m;[38;2;5;6;7m [38;2;0;0;0m   [0m
[0m[38;2;0;0;0m    [38;2;29;36;37m.[38;2;80;114;124m:[38;2;56;78;89m'[38;2;20;20;20m [38;2;120;66;80m,[38;2;250;81;98ml[38;2;84;41;48m.[38;2;6;6;6m [38;2;22;13;15m [38;2;248;80;103ml[38;2;248;75;98ml[38;2;183;51;78m;[38;2;164;48;76m,[38;2;67;32;40m.[38;2;160;47;78m;[38;2;133;66;90m;[38;2;82;100;104m;[38;2;89;98;99m;[38;2;153;52;78m,[38;2;168;43;70m,[38;2;170;48;76m;[38;2;191;91;107ml[38;2;248;155;154mO[38;2;247;161;158mO[38;2;231;171;175mO[38;2;239;182;193m0[38;2;237;183;194m0[38;2;236;183;192m0[38;2;232;190;197mK[38;2;235;197;200mK[38;2;238;206;203mX[38;2;222;190;187m0[38;2;216;176;175mO[38;2;211;167;166mO[38;2;184;104;115ml[38;2;166;55;79m;[38;2;170;45;71m,[38;2;38;20;24m [38;2;153;62;80m;[38;2;180;41;68m,[38;2;179;44;70m;[38;2;178;43;69m,[38;2;177;73;88m:[38;2;36;36;36m [38;2;112;55;67m'[38;2;192;43;62m;[38;2;247;67;78ml[38;2;118;80;82m;[38;2;75;86;91m,[38;2;70;89;95m,[38;2;5;6;6m [38;2;0;0;0m [38;2;3;2;2m [38;2;113;50;57m'[38;2;29;34;36m.[38;2;65;84;93m'[38;2;39;39;39m [38;2;0;0;0m   [0m
[0m[38;2;0;0;0m    [38;2;71;91;94m,[38;2;77;113;121m:[38;2;23;32;36m.[38;2;0;0;0m [38;2;96;55;67m'[38;2;241;85;107mo[38;2;6;4;4m [38;2;0;0;0m [38;2;2;1;1m [38;2;232;87;106mo[38;2;67;26;30m.[38;2;222;67;94mc[38;2;167;50;82m;[38;2;39;25;31m.[38;2;32;18;23m [38;2;157;61;89m;[38;2;91;97;100m;[38;2;81;101;108m;[38;2;121;78;95m;[38;2;169;45;75m,[38;2;161;67;102m:[38;2;188;167;199mk[38;2;202;188;196m0[38;2;246;180;173m0[38;2;225;180;175m0[38;2;207;186;208m0[38;2;214;185;204m0[38;2;222;184;198m0[38;2;228;184;196m0[38;2;234;185;192m0[38;2;237;185;190m0[38;2;170;76;96m:[38;2;169;46;75m,[38;2;167;43;70m,[38;2;166;41;68m,[38;2;164;44;67m,[38;2;43;18;24m [38;2;30;21;23m [38;2;171;47;74m;[38;2;94;26;38m.[38;2;176;46;71m;[38;2;173;46;70m;[38;2;146;85;95m:[38;2;12;12;12m [38;2;133;65;82m,[38;2;170;42;59m,[38;2;152;48;54m,[38;2;115;78;79m;[38;2;72;85;88m,[38;2;68;87;92m,[38;2;13;19;19m [38;2;0;0;0m [38;2;17;17;17m [38;2;91;91;91m [38;2;33;33;33m [38;2;68;68;68m [38;2;3;3;3m [38;2;0;0;0m   [0m
[0m[38;2;0;0;0m    [38;2;1;2;2m [38;2;71;106;113m;[38;2;8;12;14m [38;2;0;0;0m [38;2;26;17;19m [38;2;176;82;94mc[38;2;18;18;18m [38;2;0;0;0m [38;2;8;8;8m [38;2;107;53;63m'[38;2;22;15;16m [38;2;16;8;9m [38;2;219;71;92mc[38;2;69;35;45m.[38;2;15;15;15m [38;2;13;7;9m [38;2;108;92;104m:[38;2;79;104;112m;[38;2;96;96;107m;[38;2;167;102;127ml[38;2;203;187;207m0[38;2;211;216;235mX[38;2;207;214;233mK[38;2;210;198;208m0[38;2;242;188;176m0[38;2;202;184;206m0[38;2;183;194;231m0[38;2;185;192;230m0[38;2;185;190;223m0[38;2;188;187;217mO[38;2;196;183;210mO[38;2;164;101;132ml[38;2;161;56;87m;[38;2;163;44;73m,[38;2;136;39;61m'[38;2;74;74;74m [38;2;10;7;8m [38;2;138;64;85m;[38;2;16;7;9m [38;2;28;20;21m [38;2;110;38;54m.[38;2;73;39;45m.[38;2;64;51;51m.[38;2;4;3;4m [38;2;149;60;80m,[38;2;2;1;1m [38;2;54;36;38m.[38;2;67;61;65m'[38;2;70;85;88m,[38;2;65;86;91m,[38;2;14;20;21m [38;2;0;0;0m         [0m
[0m[38;2;0;0;0m    [38;2;3;3;3m [38;2;71;71;71m [38;2;2;3;3m [38;2;0;0;0m [38;2;32;32;32m [38;2;76;52;57m.[38;2;0;0;0m   [38;2;60;60;60m [38;2;31;25;27m [38;2;10;10;10m [38;2;84;84;84m [38;2;80;39;47m.[38;2;23;17;18m [38;2;6;6;6m [38;2;21;24;25m [38;2;77;106;113m;[38;2;87;101;112m;[38;2;127;131;136ml[38;2;153;172;171mx[38;2;176;187;192mO[38;2;197;204;209m0[38;2;219;226;229mX[38;2;234;226;223mN[38;2;229;190;191m0[38;2;205;198;217m0[38;2;190;199;229m0[38;2;183;190;229m0[38;2;182;191;230m0[38;2;182;190;230m0[38;2;175;185;221mO[38;2;177;182;214mO[38;2;166;152;186mx[38;2;138;130;156mo[38;2;19;22;23m [38;2;86;86;86m [38;2;47;47;47m [38;2;8;8;8m [38;2;32;23;28m [38;2;48;48;48m [38;2;69;60;59m.[38;2;4;4;4m [38;2;15;12;14m [38;2;64;64;64m [38;2;3;3;3m [38;2;1;1;1m [38;2;76;98;103m;[38;2;11;16;16m [38;2;61;61;61m [38;2;23;23;23m [38;2;0;0;0m         [0m
[0m[38;2;0;0;0m      [38;2;6;6;6m [38;2;0;0;0m  [38;2;79;79;79m [38;2;0;0;0m    [38;2;43;43;43m [38;2;0;0;0m  [38;2;19;19;19m [38;2;54;54;54m [38;2;9;9;10m [38;2;95;109;115m:[38;2;76;106;116m;[38;2;96;117;129mc[38;2;175;184;199mO[38;2;169;176;191mk[38;2;150;160;175mx[38;2;132;143;158mo[38;2;119;132;145ml[38;2;124;142;148mo[38;2;145;149;153md[38;2;183;174;171mk[38;2;205;210;213mK[38;2;216;227;230mX[38;2;215;222;238mX[38;2;202;208;235mK[38;2;187;196;227m0[38;2;176;185;219mO[38;2;182;191;226m0[38;2;175;183;221mO[38;2;151;162;187mx[38;2;35;41;45m.[38;2;2;2;2m [38;2;5;5;5m [38;2;26;26;26m [38;2;0;0;0m [38;2;36;36;36m.[38;2;17;17;17m [38;2;13;13;13m [38;2;0;0;0m  [38;2;18;18;18m [38;2;32;32;32m [38;2;7;7;7m [38;2;0;0;0m           [0m
[0m[38;2;0;0;0m                  [38;2;2;3;3m [38;2;123;139;146mo[38;2;128;140;151mo[38;2;98;116;128mc[38;2;154;167;179mx[38;2;179;184;206mO[38;2;202;203;225mK[38;2;213;212;238mX[38;2;218;218;244mX[38;2;204;205;229mK[38;2;177;182;201mO[38;2;146;154;172md[38;2;120;131;141ml[38;2;111;123;132mc[38;2;118;131;139ml[38;2;140;155;161md[38;2;184;195;201m0[38;2;194;202;219m0[38;2;184;195;224m0[38;2;190;203;224m0[38;2;204;214;228mK[38;2;207;217;230mX[38;2;208;222;236mX[38;2;100;110;116mc[38;2;2;2;2m [38;2;0;0;0m  [38;2;27;27;27m [38;2;0;0;0m                  [0m
[0m[38;2;0;0;0m                 [38;2;1;1;1m [38;2;92;112;116m:[38;2;109;127;133ml[38;2;111;123;131mc[38;2;111;124;132mc[38;2;110;123;131mc[38;2;109;122;133mc[38;2;113;126;137ml[38;2;136;146;158mo[38;2;167;174;193mk[38;2;204;208;233mK[38;2;212;211;238mK[38;2;216;215;242mX[38;2;207;207;233mK[38;2;163;171;187mk[38;2;115;128;139ml[38;2;113;128;132ml[38;2;112;127;131ml[38;2;126;139;152mo[38;2;158;169;192mk[38;2;193;205;220mK[38;2;193;205;222mK[38;2;191;203;217m0[38;2;210;224;229mX[38;2;222;236;237mN[38;2;116;125;128mc[38;2;3;3;3m [38;2;0;0;0m                    [0m
[0m[38;2;0;0;0m                 [38;2;54;66;69m.[38;2;106;123;130mc[38;2;107;120;128mc[38;2;106;119;127mc[38;2;106;120;128mc[38;2;106;119;127mc[38;2;107;118;127mc[38;2;105;117;126mc[38;2;105;118;126mc[38;2;106;119;128mc[38;2;119;131;141ml[38;2;175;181;199mO[38;2;211;210;237mK[38;2;207;203;235mK[38;2;215;212;244mX[38;2;201;201;225mK[38;2;129;137;154mo[38;2;108;122;129mc[38;2;109;124;127mc[38;2;109;124;128mc[38;2;124;137;147mo[38;2;178;192;198mO[38;2;227;239;243mN[38;2;219;231;237mN[38;2;218;229;235mN[38;2;218;229;236mN[38;2;150;164;166mx[38;2;54;59;60m.[38;2;5;5;5m [38;2;0;0;0m                  [0m
[0m[38;2;0;0;0m                [38;2;1;2;2m [38;2;100;125;132mc[38;2;104;117;125mc[38;2;103;116;124mc[38;2;102;115;123mc[38;2;102;115;123mc[38;2;102;115;123mc[38;2;103;114;123mc[38;2;103;114;123mc[38;2;103;114;123mc[38;2;103;114;123mc[38;2;102;113;121mc[38;2;104;114;126mc[38;2;135;143;161mo[38;2;206;208;234mK[38;2;197;198;225m0[38;2;214;213;242mX[38;2;207;207;231mK[38;2;118;126;140ml[38;2;106;117;124mc[38;2;109;116;121mc[38;2;110;116;123mc[38;2;108;121;127mc[38;2;125;138;146mo[38;2;180;193;200mO[38;2;229;237;243mN[38;2;234;239;246mW[38;2;230;239;245mN[38;2;230;239;244mN[38;2;189;203;206m0[38;2;102;109;112m:[38;2;6;6;7m [38;2;0;0;0m                [0m
[0m[38;2;0;0;0m                [38;2;11;14;16m [38;2;98;117;126mc[38;2;101;115;121mc[38;2;99;112;120m:[38;2;97;110;118m:[38;2;97;110;118m:[38;2;97;110;118m:[38;2;97;110;118m:[38;2;98;110;118m:[38;2;97;110;118m:[38;2;97;110;118m:[38;2;98;111;119m:[38;2;99;110;119m:[38;2;100;109;120m:[38;2;119;130;148ml[38;2;199;204;229mK[38;2;197;195;226m0[38;2;212;209;240mK[38;2;191;190;217m0[38;2;105;113;128mc[38;2;104;111;118m:[38;2;102;111;117m:[38;2;102;113;118mc[38;2;102;114;120mc[38;2;105;117;123mc[38;2;122;133;138ml[38;2;175;183;189mO[38;2;221;229;235mN[38;2;228;237;243mN[38;2;226;238;243mN[38;2;225;240;243mN[38;2;211;224;228mX[38;2;136;147;149mo[38;2;47;51;52m.[38;2;2;2;2m [38;2;0;0;0m             [0m
[0m[38;2;0;0;0m                [38;2;16;20;22m [38;2;97;111;120m:[38;2;94;107;112m:[38;2;96;109;117m:[38;2;95;107;116m:[38;2;95;107;115m:[38;2;94;106;114m:[38;2;94;106;115m:[38;2;93;105;113m:[38;2;94;106;113m:[38;2;94;106;112m:[38;2;94;107;113m:[38;2;96;107;114m:[38;2;96;106;112m:[38;2;97;106;114m:[38;2;119;128;146ml[38;2;199;201;231mK[38;2;197;194;227m0[38;2;210;206;239mK[38;2;153;157;180mx[38;2;98;106;118m:[38;2;100;107;114m:[38;2;96;103;110m:[38;2;101;107;111m:[38;2;102;108;111m:[38;2;104;109;113m:[38;2;106;113;116mc[38;2;112;122;126mc[38;2;156;168;173mx[38;2;212;223;228mX[38;2;227;234;243mN[38;2;226;234;242mN[38;2;223;236;242mN[38;2;222;233;242mN[38;2;159;170;176mx[38;2;40;47;48m.[38;2;2;2;2m [38;2;0;0;0m           [0m
[0m[38;2;0;0;0m                [38;2;13;16;17m [38;2;83;98;107m;[38;2;89;103;106m:[38;2;93;107;112m:[38;2;92;105;111m:[38;2;91;103;110m:[38;2;91;103;110m:[38;2;94;101;110m:[38;2;92;100;108m:[38;2;90;97;104m;[38;2;93;101;108m:[38;2;94;101;108m:[38;2;95;102;108m:[38;2;96;103;107m:[38;2;96;102;101m:[38;2;96;107;114m:[38;2;134;141;163mo[38;2;181;180;215mO[38;2;203;199;237mK[38;2;205;204;235mK[38;2;113;117;138mc[38;2;98;104;114m:[38;2;59;62;70m.[38;2;87;91;93m;[38;2;98;102;105m:[38;2;99;102;105m:[38;2;101;105;107m:[38;2;100;107;109m:[38;2;99;110;112m:[38;2;111;123;126mc[38;2;182;192;201mO[38;2;223;233;242mN[38;2;221;232;241mN[38;2;221;232;241mN[38;2;221;232;240mN[38;2;216;227;235mX[38;2;157;169;175mx[38;2;34;38;39m.[38;2;0;0;0m          [0m
[0m[38;2;0;0;0m                [38;2;11;14;15m [38;2;67;84;94m,[38;2;88;103;106m:[38;2;91;106;109m:[38;2;91;105;108m:[38;2;90;102;107m:[38;2;89;101;106m;[38;2;95;99;107m;[38;2;94;98;106m;[38;2;80;84;92m,[38;2;91;95;103m;[38;2;92;99;103m;[38;2;91;102;101m:[38;2;92;101;99m;[38;2;97;102;100m:[38;2;89;98;104m;[38;2;89;99;114m;[38;2;166;167;203mk[38;2;178;173;216mk[38;2;203;200;235mK[38;2;161;162;188mx[38;2;93;101;112m:[38;2;52;55;62m.[38;2;55;57;60m.[38;2;94;96;99m;[38;2;96;98;101m;[38;2;96;98;101m;[38;2;96;99;102m:[38;2;97;102;104m:[38;2;99;104;107m:[38;2;96;107;116m:[38;2;201;212;221mK[38;2;216;227;236mX[38;2;217;228;237mX[38;2;217;228;237mX[38;2;217;228;237mX[38;2;210;221;230mX[38;2;200;217;227mK[38;2;8;9;9m [38;2;0;0;0m         [0m
