[0m[38;2;0;0;0m              [38;2;13;13;13m [38;2;47;40;32m.[38;2;112;113;83m:[38;2;151;150;118md[38;2;152;153;119md[38;2;103;103;73m:[38;2;121;122;92mc[38;2;155;159;118md[38;2;155;158;117md[38;2;159;156;121md[38;2;136;129;106ml[38;2;11;11;11m [38;2;0;0;0m [38;2;88;85;67m,[38;2;160;161;123md[38;2;147;148;112mo[38;2;106;107;78m:[38;2;122;124;89mc[38;2;158;159;122md[38;2;125;126;93ml[38;2;93;97;68m;[38;2;29;27;20m [38;2;1;1;1m [38;2;0;0;0m                           [0m
[0m[38;2;0;0;0m               [38;2;24;24;24m [38;2;5;4;3m [38;2;94;97;66m;[38;2;124;127;91mc[38;2;114;117;83mc[38;2;101;104;70m:[38;2;124;127;90mc[38;2;151;154;115md[38;2;159;160;118md[38;2;159;154;113md[38;2;96;55;33m'[38;2;98;46;24m.[38;2;150;129;91ml[38;2;157;161;121md[38;2;129;132;98ml[38;2;100;102;71m;[38;2;118;120;87mc[38;2;118;119;86mc[38;2;99;102;68m;[38;2;116;98;67m:[38;2;92;63;44m'[38;2;31;21;14m [38;2;2;2;2m [38;2;0;0;0m                          [0m
[0m[38;2;0;0;0m                [38;2;3;3;3m [38;2;1;1;1m [38;2;96;84;58m,[38;2;106;101;67m;[38;2;98;100;67m;[38;2;96;100;68m;[38;2;101;103;71m:[38;2;135;137;100ml[38;2;158;152;108md[38;2;188;120;80mo[38;2;196;122;78mo[38;2;168;138;96mo[38;2;129;134;93ml[38;2;98;102;70m;[38;2;98;101;69m;[38;2;99;103;69m;[38;2;112;107;73m:[38;2;153;117;78ml[38;2;189;128;85mo[38;2;196;121;75mo[38;2;195;116;72mo[38;2;172;103;62mc[38;2;128;71;42m,[38;2;74;42;26m.[38;2;3;2;1m [38;2;0;0;0m                       [0m
[0m[38;2;0;0;0m               [38;2;13;8;5m [38;2;97;58;37m'[38;2;163;100;66mc[38;2;195;123;85mo[38;2;181;129;90mo[38;2;153;128;89ml[38;2;130;126;90ml[38;2;124;123;93mc[38;2;105;107;75m:[38;2;128;126;90ml[38;2;160;148;106md[38;2;160;148;109md[38;2;133;130;96ml[38;2;100;103;70m;[38;2;111;115;80m:[38;2;114;116;80mc[38;2;127;130;89ml[38;2;156;157;114md[38;2;161;159;115md[38;2;162;155;110md[38;2;163;149;103md[38;2;176;134;90mo[38;2;189;110;65ml[38;2;199;98;46ml[38;2;199;93;40mc[38;2;187;84;39m:[38;2;125;56;27m'[38;2;44;20;12m [38;2;1;1;1m [38;2;0;0;0m                    [0m
[0m[38;2;0;0;0m             [38;2;2;2;1m [38;2;109;53;28m'[38;2;189;100;54mc[38;2;194;111;61ml[38;2;179;127;81mo[38;2;166;148;106md[38;2;162;159;113md[38;2;159;162;115md[38;2;153;153;109md[38;2;135;133;98ml[38;2;123;120;83mc[38;2;119;107;73m:[38;2;131;99;63m:[38;2;144;97;58m:[38;2;151;91;50m:[38;2;149;87;47m:[38;2;135;91;52m:[38;2;117;92;56m;[38;2;105;100;69m;[38;2;111;114;80m:[38;2;120;123;88mc[38;2;134;138;98ml[38;2;152;156;113md[38;2;160;163;119mx[38;2;161;153;108md[38;2;177;119;71ml[38;2;196;91;41mc[38;2;199;85;36mc[38;2;200;82;34mc[38;2;201;79;33mc[38;2;148;65;27m,[38;2;24;12;7m [38;2;0;0;0m                   [0m
[0m[38;2;0;0;0m            [38;2;12;6;5m [38;2;161;73;39m;[38;2;200;83;34mc[38;2;190;96;52mc[38;2;170;133;89mo[38;2;161;160;114md[38;2;161;161;113md[38;2;162;161;115md[38;2;152;152;108md[38;2;120;124;83mc[38;2;100;97;64m;[38;2;124;91;59m;[38;2;176;87;46m:[38;2;201;86;40mc[38;2;200;86;37mc[38;2;202;92;46mc[38;2;199;104;56ml[38;2;201;98;52ml[38;2;195;86;39mc[38;2;185;96;48mc[38;2;163;98;59mc[38;2;152;96;54m:[38;2;148;90;50m:[38;2;150;89;52m:[38;2;160;109;69mc[38;2;160;139;95mo[38;2;163;159;115md[38;2;169;127;82mo[38;2;198;84;37mc[38;2;201;82;31mc[38;2;200;82;31mc[38;2;201;81;30mc[38;2;192;78;35m:[38;2;90;43;26m.[38;2;2;2;2m [38;2;0;0;0m                 [0m
[0m[38;2;0;0;0m           [38;2;11;7;5m [38;2;172;74;38m:[38;2;201;79;30m:[38;2;196;87;38mc[38;2;165;132;87mo[38;2;159;161;114md[38;2;161;161;115md[38;2;154;146;103mo[38;2;141;114;74mc[38;2;140;89;51m:[38;2;160;88;46m:[38;2;186;90;44mc[38;2;194;102;56ml[38;2;199;131;85md[38;2;203;127;88md[38;2;192;106;59ml[38;2;198;154;123mx[38;2;197;182;159mO[38;2;201;162;130mk[38;2;200;108;61ml[38;2;192;101;54ml[38;2;203;162;131mk[38;2;198;149;114mx[38;2;201;107;59ml[38;2;201;133;93md[38;2;200;133;91md[38;2;198;111;64ml[38;2;188;105;62ml[38;2;176;125;81mo[38;2;173;110;64ml[38;2;201;83;36mc[38;2;203;81;31mc[38;2;202;80;30mc[38;2;202;80;30mc[38;2;200;78;30m:[38;2;105;43;25m.[38;2;1;1;1m [38;2;0;0;0m                [0m
[0m[38;2;0;0;0m          [38;2;1;0;0m [38;2;162;71;34m;[38;2;204;75;32m:[38;2;199;82;30mc[38;2;186;87;41mc[38;2;162;156;113md[38;2;161;156;109md[38;2;172;122;75ml[38;2;191;90;43mc[38;2;199;87;41mc[38;2;202;92;46mc[38;2;201;111;69ml[38;2;201;140;101md[38;2;190;125;83mo[38;2;200;162;131mk[38;2;202;155;117mx[38;2;190;115;75ml[38;2;194;147;113mx[38;2;197;176;151mk[38;2;199;166;129mk[38;2;195;108;63ml[38;2;198;91;42mc[38;2;195;106;63ml[38;2;201;125;83mo[38;2;202;104;59ml[38;2;198;120;79mo[38;2;202;142;106md[38;2;203;122;83mo[38;2;201;94;48mc[38;2;202;84;37mc[38;2;195;85;38mc[38;2;203;88;38mc[38;2;204;83;35mc[38;2;203;80;33mc[38;2;202;80;30mc[38;2;202;79;29mc[38;2;201;78;29m:[38;2;54;24;12m.[38;2;0;0;0m                [0m
[0m[38;2;0;0;0m          [38;2;83;32;16m.[38;2;203;78;30m:[38;2;201;80;31mc[38;2;201;81;30mc[38;2;195;83;36mc[38;2;166;132;91mo[38;2;180;104;60mc[38;2;203;84;33mc[38;2;195;85;41mc[38;2;197;113;75mo[38;2;203;127;85md[38;2;196;116;74mo[38;2;202;122;82mo[38;2;194;96;51mc[38;2;201;104;57ml[38;2;202;104;56ml[38;2;197;94;49mc[38;2;196;98;53ml[38;2;202;111;64ml[38;2;203;108;59ml[38;2;203;103;53ml[38;2;197;92;44mc[38;2;190;88;49mc[38;2;200;90;54mc[38;2;205;91;44mc[38;2;202;89;41mc[38;2;201;91;41mc[38;2;204;95;45mc[38;2;201;92;41mc[38;2;198;86;37mc[38;2;192;80;34m:[38;2;203;93;44mc[38;2;202;86;39mc[38;2;205;82;35mc[38;2;204;82;32mc[38;2;203;81;31mc[38;2;203;81;32mc[38;2;198;75;27m:[38;2;6;3;1m [38;2;0;0;0m               [0m
[0m[38;2;0;0;0m         [38;2;1;1;0m [38;2;193;76;31m:[38;2;203;78;28m:[38;2;202;80;30mc[38;2;203;81;31mc[38;2;203;80;31mc[38;2;196;82;33mc[38;2;201;89;36mc[38;2;203;88;40mc[38;2;193;86;39mc[38;2;204;111;68mo[38;2;199;91;49mc[38;2;201;88;42mc[38;2;198;94;49mc[38;2;192;89;51mc[38;2;199;91;41mc[38;2;203;102;57ml[38;2;197;97;54ml[38;2;197;100;56ml[38;2;204;110;64ml[38;2;204;111;63ml[38;2;203;112;65mo[38;2;187;95;52mc[38;2;188;109;69ml[38;2;190;117;103mo[38;2;197;103;74ml[38;2;202;97;55ml[38;2;203;97;48ml[38;2;195;86;42mc[38;2;205;96;51ml[38;2;201;93;47mc[38;2;187;79;35m:[38;2;203;92;44mc[38;2;204;88;40mc[38;2;205;84;36mc[38;2;205;83;33mc[38;2;202;80;30mc[38;2;203;81;31mc[38;2;203;81;31mc[38;2;105;43;20m.[38;2;0;0;0m               [0m
[0m[38;2;0;0;0m         [38;2;17;6;3m [38;2;201;76;31m:[38;2;204;74;27m:[38;2;200;74;29m:[38;2;202;79;32mc[38;2;203;81;31mc[38;2;203;81;31mc[38;2;205;87;37mc[38;2;202;86;40mc[38;2;196;83;36mc[38;2;205;90;44mc[38;2;191;72;31m:[38;2;205;87;43mc[38;2;195;107;78ml[38;2;189;123;97mo[38;2;194;102;55ml[38;2;202;114;70mo[38;2;186;101;60mc[38;2;190;109;67ml[38;2;202;117;73mo[38;2;204;119;74mo[38;2;198;119;77mo[38;2;191;130;93mo[38;2;192;129;94mo[38;2;194;169;151mk[38;2;186;154;138mx[38;2;190;133;113md[38;2;201;116;84mo[38;2;200;100;57ml[38;2;192;79;36m:[38;2;203;88;43mc[38;2;198;91;44mc[38;2;195;84;38mc[38;2;205;88;40mc[38;2;206;84;35mc[38;2;206;84;34mc[38;2;199;77;27m:[38;2;203;81;31mc[38;2;203;81;31mc[38;2;202;78;32mc[38;2;4;2;1m [38;2;0;0;0m              [0m
[0m[38;2;0;0;0m         [38;2;30;12;7m [38;2;203;73;26m:[38;2;203;73;27m:[38;2;198;71;25m:[38;2;204;81;33mc[38;2;205;83;33mc[38;2;205;83;33mc[38;2;205;84;34mc[38;2;204;87;41mc[38;2;196;83;35mc[38;2;207;87;45mc[38;2;186;60;27m;[38;2;188;89;60mc[38;2;189;143;121md[38;2;196;162;140mk[38;2;179;111;79ml[38;2;191;130;95mo[38;2;187;122;93mo[38;2;199;152;123mx[38;2;190;118;81mo[38;2;201;112;70mo[38;2;190;133;100md[38;2;187;149;126mx[38;2;192;151;125mx[38;2;201;180;161mO[38;2;200;172;156mk[38;2;197;171;153mk[38;2;200;167;150mk[38;2;195;151;127mx[38;2;200;119;84mo[38;2;193;78;36m:[38;2;201;75;36m:[38;2;199;82;38mc[38;2;206;86;39mc[38;2;206;84;34mc[38;2;206;84;34mc[38;2;204;82;32mc[38;2;198;75;27m:[38;2;203;80;31mc[38;2;204;78;30m:[38;2;38;14;7m [38;2;0;0;0m              [0m
[0m[38;2;0;0;0m         [38;2;37;15;8m [38;2;205;70;25m:[38;2;205;73;28m:[38;2;187;58;17m;[38;2;204;80;33mc[38;2;206;81;32mc[38;2;206;84;34mc[38;2;205;85;35mc[38;2;204;88;41mc[38;2;196;82;35mc[38;2;197;76;39m:[38;2;181;73;47m:[38;2;206;149;129mx[38;2;197;166;150mk[38;2;193;164;144mk[38;2;166;125;104mo[38;2;196;162;139mk[38;2;185;150;125mx[38;2;201;164;143mk[38;2;179;116;85ml[38;2;182;127;95mo[38;2;202;169;150mk[38;2;195;167;149mk[38;2;204;175;157mO[38;2;193;146;127mx[38;2;148;87;71m:[38;2;123;82;68m;[38;2;109;78;69m,[38;2;113;82;70m;[38;2;119;83;72m;[38;2;131;80;65m;[38;2;162;67;48m;[38;2;187;66;32m;[38;2;208;81;34mc[38;2;206;81;33mc[38;2;206;80;32mc[38;2;205;79;31mc[38;2;199;69;24m:[38;2;206;74;28m:[38;2;205;76;26m:[38;2;93;34;14m.[38;2;0;0;0m              [0m
[0m[38;2;0;0;0m         [38;2;35;12;5m [38;2;206;71;24m:[38;2;207;71;23m:[38;2;180;48;12m,[38;2;205;76;34m:[38;2;206;76;30m:[38;2;206;80;32mc[38;2;207;82;34mc[38;2;204;86;37mc[38;2;194;78;36m:[38;2;180;77;53m:[38;2;174;122;103mo[38;2;130;103;84m:[38;2;118;86;72m;[38;2;142;89;74m:[38;2;167;92;78mc[38;2;188;122;109mo[38;2;203;169;151mk[38;2;192;156;140mx[38;2;200;167;148mk[38;2;205;172;153mO[38;2;204;174;155mO[38;2;204;174;155mO[38;2;205;171;153mk[38;2;198;145;126mx[38;2;195;134;113md[38;2;200;134;114md[38;2;202;138;116md[38;2;201;133;112md[38;2;197;119;101mo[38;2;184;106;90ml[38;2;186;108;91ml[38;2;195;97;68ml[38;2;208;75;26m:[38;2;209;74;28m:[38;2;207;75;28m:[38;2;206;74;28m:[38;2;199;68;23m:[38;2;208;71;26m:[38;2;209;71;23m:[38;2;149;51;20m,[38;2;0;0;0m              [0m
[0m[38;2;0;0;0m         [38;2;25;10;6m [38;2;206;68;23m:[38;2;205;70;22m:[38;2;172;40;8m,[38;2;205;76;34m:[38;2;206;74;28m:[38;2;207;75;28m:[38;2;207;75;29m:[38;2;207;77;32mc[38;2;175;83;56m:[38;2;142;87;75m:[38;2;134;84;70m;[38;2;173;114;96ml[38;2;198;132;112md[38;2;206;134;116md[38;2;206;132;115md[38;2;206;143;126mx[38;2;205;161;143mk[38;2;207;166;149mk[38;2;206;173;152mO[38;2;206;173;152mO[38;2;206;171;154mkk[38;2;205;169;150mk[38;2;206;154;135mx[38;2;206;140;119mx[38;2;207;127;109md[38;2;206;126;107md[38;2;206;125;106md[38;2;206;121;104mo[38;2;206;124;105md[38;2;205;123;104md[38;2;198;102;75ml[38;2;206;72;24m:[38;2;206;72;26m:[38;2;207;72;24m:[38;2;207;72;25m:[38;2;196;64;23m:[38;2;208;71;25m:[38;2;208;70;23m:[38;2;191;59;19m;[38;2;12;12;12m [38;2;0;0;0m             [0m
[0m[38;2;0;0;0m         [38;2;15;6;2m [38;2;202;72;27m:[38;2;208;67;24m:[38;2;166;36;4m'[38;2;204;72;28m:[38;2;207;72;24m:[38;2;207;72;24m:[38;2;206;72;27m:[38;2;207;72;24m:[38;2;201;120;93mo[38;2;203;127;104md[38;2;205;120;101mo[38;2;206;122;104md[38;2;206;122;104md[38;2;205;122;104mo[38;2;205;133;112md[38;2;208;146;125mx[38;2;207;157;138mk[38;2;205;165;147mk[38;2;205;172;151mk[38;2;204;174;153mO[38;2;206;173;152mOO[38;2;205;173;152mO[38;2;205;169;149mk[38;2;206;163;142mk[38;2;206;156;134mk[38;2;206;150;130mx[38;2;207;149;130mx[38;2;207;149;129mx[38;2;206;149;125mx[38;2;206;149;125mx[38;2;200;122;96mo[38;2;206;71;26m:[38;2;209;69;24m:[38;2;208;70;23m:[38;2;208;70;24m:[38;2;186;49;14m,[38;2;205;69;26m:[38;2;206;70;23m:[38;2;204;68;26m:[38;2;11;3;1m [38;2;0;0;0m             [0m
[0m[38;2;0;0;0m         [38;2;4;1;1m [38;2;198;68;25m:[38;2;201;66;23m:[38;2;165;35;3m'[38;2;205;72;29m:[38;2;207;69;25m:[38;2;207;69;25m:[38;2;207;69;25m:[38;2;206;70;26m:[38;2;195;119;86mo[38;2;205;145;120mx[38;2;204;144;121mx[38;2;205;144;121mx[38;2;207;147;123mx[38;2;206;148;123mx[38;2;206;153;132mx[38;2;205;158;138mk[38;2;205;164;146mk[38;2;205;170;152mk[38;2;206;173;152mO[38;2;206;173;152mO[38;2;204;170;152mk[38;2;206;172;154mO[38;2;203;174;155mO[38;2;203;175;155mO[38;2;204;173;153mO[38;2;205;171;151mk[38;2;204;170;150mk[38;2;205;168;147mk[38;2;203;166;146mk[38;2;203;165;145mk[38;2;204;166;145mk[38;2;198;147;122mx[38;2;202;73;30m:[38;2;207;72;25m:[38;2;208;73;28m:[38;2;207;74;28m:[38;2;184;55;19m;[38;2;192;55;18m;[38;2;194;59;16m;[38;2;205;73;27m:[38;2;46;14;6m [38;2;0;0;0m             [0m
[0m[38;2;0;0;0m         [38;2;18;18;18m [38;2;188;65;27m:[38;2;195;61;21m;[38;2;169;36;6m'[38;2;204;75;31m:[38;2;207;71;26m:[38;2;207;71;26m:[38;2;207;70;23m:[38;2;205;69;23m:[38;2;195;106;75ml[38;2;203;165;144mk[38;2;204;163;142mk[38;2;203;164;144mk[38;2;204;164;145mk[38;2;204;165;145mk[38;2;205;167;148mk[38;2;204;169;150mk[38;2;202;172;153mk[38;2;202;175;154mO[38;2;203;174;154mO[38;2;204;175;155mO[38;2;204;176;156mO[38;2;203;175;155mO[38;2;203;175;155mO[38;2;203;175;155mO[38;2;203;175;155mO[38;2;203;175;155mO[38;2;203;173;154mO[38;2;205;171;154mk[38;2;205;170;153mk[38;2;203;172;153mk[38;2;204;173;154mO[38;2;199;156;133mx[38;2;200;79;35m:[38;2;206;79;30mc[38;2;205;82;33mc[38;2;207;84;35mc[38;2;188;61;28m;[38;2;179;42;11m,[38;2;177;41;8m,[38;2;199;68;27m:[38;2;107;38;17m.[38;2;0;0;0m             [0m
[0m[38;2;0;0;0m         [38;2;14;14;14m [38;2;177;60;27m,[38;2;191;57;24m;[38;2;168;38;7m'[38;2;202;81;33mc[38;2;204;78;30m:[38;2;206;75;28m:[38;2;207;71;23m:[38;2;208;67;24m:[38;2;178;68;39m;[38;2;185;139;120md[38;2;197;168;148mk[38;2;195;166;146mk[38;2;196;167;147mk[38;2;201;172;152mk[38;2;203;174;154mO[38;2;203;174;154mO[38;2;202;174;154mO[38;2;198;170;152mk[38;2;169;131;116mo[38;2;174;122;105mo[38;2;184;125;107mo[38;2;184;123;106mo[38;2;185;117;98mo[38;2;181;103;87ml[38;2;159;95;77mc[38;2;163;125;105mo[38;2;202;174;156mO[38;2;204;174;154mO[38;2;203;174;155mO[38;2;201;176;158mO[38;2;201;176;157mO[38;2;183;133;109md[38;2;201;92;43mc[38;2;205;90;41mc[38;2;206;90;41mc[38;2;206;90;41mc[38;2;191;72;33m:[38;2;171;34;4m'[38;2;174;30;1m'[38;2;187;54;19m;[38;2;161;63;32m,[38;2;6;6;6m [38;2;0;0;0m            [0m
[0m[38;2;0;0;0m         [38;2;17;17;17m [38;2;162;48;20m'[38;2;183;56;24m;[38;2;162;31;6m'[38;2;201;86;42mc[38;2;203;85;35mc[38;2;199;87;37mc[38;2;198;107;67ml[38;2;199;128;100md[38;2;188;136;110md[38;2;187;149;129mx[38;2;199;167;148mk[38;2;195;163;146mk[38;2;191;164;144mk[38;2;189;162;142mx[38;2;188;161;141mx[38;2;191;164;144mk[38;2;203;175;155mO[38;2;202;174;156mO[38;2;190;155;137mx[38;2;192;145;124mx[38;2;196;146;127mx[38;2;203;155;135mx[38;2;204;157;137mk[38;2;199;155;134mx[38;2;202;168;147mk[38;2;203;175;155mO[38;2;204;174;155mO[38;2;204;174;156mO[38;2;204;174;154mO[38;2;194;148;131mx[38;2;174;82;58m:[38;2;160;46;15m,[38;2;205;104;54ml[38;2;205;104;52ml[38;2;204;105;55ml[38;2;197;88;41mc[38;2;186;76;38m:[38;2;170;36;5m'[38;2;175;30;2m'[38;2;177;44;13m,[38;2;167;52;25m,[38;2;9;5;4m [38;2;0;0;0m            [0m
[0m[38;2;0;0;0m         [38;2;14;14;14m [38;2;155;39;15m,[38;2;117;33;12m.[38;2;162;30;6m'[38;2;182;78;46m:[38;2;197;121;91mo[38;2;196;160;136mk[38;2;199;179;157mO[38;2;191;158;139mx[38;2;180;107;81ml[38;2;156;69;46m;[38;2;158;57;33m,[38;2;153;40;14m'[38;2;176;79;59m:[38;2;183;119;95mo[38;2;193;150;128mx[38;2;204;171;151mk[38;2;203;176;154mO[38;2;202;177;155mO[38;2;203;175;155mO[38;2;203;175;155mO[38;2;203;175;155mOO[38;2;203;175;155mO[38;2;202;176;155mO[38;2;202;176;157mO[38;2;203;175;156mO[38;2;202;166;148mk[38;2;182;120;99mo[38;2;169;68;45m;[38;2;162;35;10m'[38;2;171;27;4m'[38;2;176;59;27m;[38;2;204;116;71mo[38;2;204;115;69mo[38;2;202;119;73mo[38;2;193;93;54mc[38;2;173;55;24m,[38;2;172;34;6m'[38;2;174;31;3m'[38;2;167;38;8m'[38;2;123;23;9m.[38;2;11;3;2m [38;2;0;0;0m            [0m
[0m[38;2;0;0;0m         [38;2;10;10;10m [38;2;100;21;9m.[38;2;6;2;1m [38;2;158;84;65m:[38;2;190;157;135mx[38;2;193;170;151mk[38;2;199;175;157mO[38;2;194;170;149mk[38;2;189;162;138mx[38;2;191;158;136mx[38;2;196;168;147mk[38;2;196;170;149mk[38;2;174;114;91ml[38;2;164;50;25m,[38;2;167;27;1m'[38;2;164;29;3m'[38;2;166;40;17m'[38;2;169;68;45m;[38;2;197;128;111md[38;2;198;139;123md[38;2;197;150;131mx[38;2;196;157;140mx[38;2;199;166;146mk[38;2;201;170;149mk[38;2;195;156;137mx[38;2;196;137;121md[38;2;195;115;102mo[38;2;199;98;88ml[38;2;160;31;8m'[38;2;161;28;5m'[38;2;171;30;4m'[38;2;162;32;5m'[38;2;186;92;54mc[38;2;200;129;82md[38;2;200;128;81mo[38;2;199;130;82md[38;2;180;88;49mc[38;2;167;33;9m'[38;2;91;17;4m.[38;2;163;29;8m'[38;2;70;15;6m.[38;2;92;22;13m.[38;2;16;16;16m [38;2;0;0;0m            [0m
[0m[38;2;0;0;0m          [38;2;23;8;7m [38;2;37;26;25m.[38;2;198;166;147mk[38;2;193;170;148mk[38;2;198;172;151mk[38;2;198;172;151mk[38;2;198;172;151mk[38;2;198;172;151mk[38;2;198;172;151mk[38;2;195;169;148mk[38;2;193;169;146mk[38;2;194;168;148mk[38;2;178;124;105mo[38;2;160;33;10m'[38;2;156;25;5m.[38;2;171;29;3m'[38;2;165;29;4m'[38;2;195;92;80mc[38;2;203;96;88ml[38;2;202;96;87ml[38;2;199;98;87ml[38;2;194;94;82ml[38;2;194;96;86ml[38;2;199;97;89ml[38;2;202;95;87ml[38;2;202;99;89ml[38;2;192;89;77mc[38;2;73;19;9m.[38;2;111;27;14m.[38;2;40;9;5m [38;2;71;28;18m.[38;2;200;127;86mo[38;2;199;131;88md[38;2;199;131;88md[38;2;57;38;27m.[38;2;116;38;19m.[38;2;28;6;3m [38;2;70;23;15m.[38;2;32;8;4m [38;2;4;1;1m [38;2;5;2;1m [38;2;0;0;0m             [0m
[0m[38;2;0;0;0m          [38;2;17;17;17m [38;2;166;129;116mo[38;2;197;171;150mk[38;2;197;171;150mk[38;2;196;170;149mkk[38;2;197;171;150mk[38;2;197;171;150mk[38;2;197;171;150mk[38;2;198;173;151mk[38;2;191;162;141mx[38;2;190;166;146mk[38;2;197;173;151mk[38;2;163;78;56m:[38;2;139;32;6m.[38;2;131;36;12m.[38;2;159;34;15m'[38;2;200;99;85ml[38;2;200;101;90ml[38;2;200;100;89ml[38;2;199;96;87ml[38;2;198;95;86ml[38;2;199;96;87ml[38;2;199;96;87ml[38;2;200;97;88ml[38;2;201;101;90ml[38;2;155;80;70m:[38;2;35;35;35m [38;2;41;41;41m [38;2;38;25;18m [38;2;187;125;86mo[38;2;186;122;81mo[38;2;12;8;5m [38;2;82;82;82m [38;2;16;16;16m [38;2;30;30;30m [38;2;4;4;4m [38;2;33;33;33m [38;2;7;7;7m [38;2;3;3;3m [38;2;6;6;6m [38;2;0;0;0m             [0m
[0m[38;2;0;0;0m          [38;2;51;42;38m.[38;2;197;169;149mk[38;2;195;169;148mk[38;2;195;169;148mk[38;2;195;169;148mkk[38;2;196;170;149mk[38;2;197;170;149mk[38;2;198;169;151mk[38;2;186;146;123md[38;2;129;61;42m,[38;2;186;159;142mx[38;2;188;163;141mx[38;2;160;121;100ml[38;2;132;59;37m,[38;2;150;70;53m;[38;2;187;92;82mc[38;2;199;100;89ml[38;2;198;98;87ml[38;2;197;96;86ml[38;2;198;95;86mll[38;2;198;95;86ml[38;2;198;95;86ml[38;2;198;97;87ml[38;2;199;99;88ml[38;2;200;100;89ml[38;2;143;74;62m;[38;2;126;72;54m,[38;2;169;104;74mc[38;2;13;8;5m [38;2;44;44;44m [38;2;4;4;4m [38;2;0;0;0m                     [0m
[0m[38;2;0;0;0m         [38;2;5;4;3m [38;2;186;156;135mx[38;2;196;166;148mk[38;2;195;167;147mkkkk[38;2;195;167;148mk[38;2;196;168;148mk[38;2;171;138;116md[38;2;161;112;81ml[38;2;142;97;73m:[38;2;174;146;125md[38;2;186;138;117md[38;2;189;102;88ml[38;2;199;95;86ml[38;2;197;97;86ml[38;2;197;97;86ml[38;2;197;96;85ml[38;2;198;96;85ml[38;2;198;95;84ml[38;2;198;93;84ml[38;2;198;93;84ml[38;2;198;93;84ml[38;2;198;93;84ml[38;2;197;95;85ml[38;2;197;96;86ml[38;2;197;97;87ml[38;2;194;96;86ml[38;2;196;103;89ml[38;2;199;103;90ml[38;2;192;102;90ml[38;2;150;80;68m:[38;2;114;63;53m,[38;2;89;53;41m.[38;2;75;51;41m.[38;2;35;26;20m.[38;2;16;12;9m [38;2;3;3;3m [38;2;0;0;0m                [0m
[0m[38;2;0;0;0m        [38;2;9;7;5m [38;2;133;105;91mc[38;2;194;166;142mk[38;2;194;166;145mk[38;2;194;166;146mkk[38;2;194;166;146mk[38;2;194;166;146mk[38;2;192;165;142mk[38;2;180;148;123md[38;2;169;136;109mo[38;2;177;140;106md[38;2;184;142;103md[38;2;189;152;126mx[38;2;199;164;145mk[38;2;197;156;136mx[38;2;199;139;125md[38;2;197;124;113mo[38;2;197;110;99mo[38;2;196;97;86ml[38;2;196;91;82mc[38;2;198;88;81mc[38;2;198;89;82mcc[38;2;198;89;82mc[38;2;198;89;82mc[38;2;198;89;81mc[38;2;197;89;80mc[38;2;197;90;81mc[38;2;196;92;83ml[38;2;197;93;84ml[38;2;196;96;85ml[38;2;196;105;97ml[38;2;197;120;109mo[38;2;198;139;122md[38;2;190;144;121md[38;2;188;142;112md[38;2;192;147;111md[38;2;179;138;101md[38;2;149;111;81mc[38;2;154;116;89ml[38;2;137;104;80mc[38;2;113;85;65m;[38;2;93;72;55m,[38;2;64;49;37m.[38;2;34;26;21m.[38;2;5;5;5m [38;2;0;0;0m         [0m
[0m[38;2;0;0;0m       [38;2;47;34;27m.[38;2;183;138;107md[38;2;181;142;118md[38;2;193;163;146mk[38;2;194;165;144mk[38;2;193;165;145mk[38;2;194;166;146mk[38;2;194;166;145mk[38;2;185;139;119md[38;2;176;124;94mo[38;2;187;140;107md[38;2;176;136;104mo[38;2;174;139;109md[38;2;188;141;106md[38;2;188;142;109md[38;2;178;136;107md[38;2;180;144;119md[38;2;188;155;134mx[38;2;190;160;140mx[38;2;192;160;141mx[38;2;192;158;139mx[38;2;190;143;125md[38;2;194;127;110md[38;2;196;117;101mo[38;2;195;108;94ml[38;2;195;100;90ml[38;2;195;99;89ml[38;2;196;104;92ml[38;2;196;112;98mo[38;2;197;121;104mo[38;2;196;132;115md[38;2;196;145;129mx[38;2;197;159;139mx[38;2;195;163;144mk[38;2;188;155;131mx[38;2;184;146;114md[38;2;188;142;107md[38;2;190;142;110md[38;2;190;142;109md[38;2;189;145;106md[38;2;168;128;95mo[38;2;172;130;96mo[38;2;189;143;109md[38;2;190;141;109md[38;2;188;142;108md[38;2;188;141;109md[38;2;189;141;111md[38;2;175;131;102mo[38;2;135;104;81mc[38;2;69;53;41m.[38;2;6;6;6m [38;2;0;0;0m      [0m
[0m[38;2;0;0;0m      [38;2;9;7;5m [38;2;180;134;102mo[38;2;182;139;108md[38;2;172;132;102mo[38;2;190;162;142mk[38;2;191;163;143mk[38;2;191;163;143mk[38;2;192;165;144mk[38;2;192;164;144mk[38;2;195;161;141mk[38;2;172;133;106mo[38;2;184;134;100md[38;2;182;137;100md[38;2;172;136;109mo[38;2;176;134;103mo[38;2;187;140;108md[38;2;186;141;106md[38;2;187;140;106md[38;2;181;135;104md[38;2;182;141;112md[38;2;185;149;124mx[38;2;187;155;132mx[38;2;195;164;142mk[38;2;195;163;142mk[38;2;193;160;140mx[38;2;191;158;138mx[38;2;198;163;143mk[38;2;196;164;144mk[38;2;196;165;144mk[38;2;196;163;142mk[38;2;191;157;136mx[38;2;191;157;135mx[38;2;182;147;129md[38;2;179;143;117md[38;2;177;133;105mo[38;2;188;140;107md[38;2;189;139;107md[38;2;189;139;107md[38;2;187;140;107md[38;2;188;141;108md[38;2;185;143;110md[38;2;180;140;107md[38;2;158;117;85ml[38;2;180;138;104md[38;2;186;141;106md[38;2;187;140;107md[38;2;186;139;106md[38;2;186;139;106md[38;2;185;138;106md[38;2;183;141;107md[38;2;183;141;107md[38;2;155;120;92ml[38;2;21;16;13m [38;2;0;0;0m     [0m
[0m[38;2;0;0;0m      [38;2;76;56;41m.[38;2;183;136;104md[38;2;181;135;102mo[38;2;175;130;98mo[38;2;186;153;128mx[38;2;191;160;139mx[38;2;191;160;139mx[38;2;191;160;140mx[38;2;191;160;140mx[38;2;190;156;134mx[38;2;175;135;106mo[38;2;173;125;89mo[38;2;179;132;95mo[38;2;168;130;96mo[38;2;171;133;104mo[38;2;186;139;106md[38;2;186;139;106md[38;2;187;138;106md[38;2;187;138;106md[38;2;188;138;102md[38;2;187;138;99md[38;2;185;138;101md[38;2;179;135;100mo[38;2;183;139;105md[38;2;183;143;115md[38;2;186;145;120md[38;2;185;147;122md[38;2;186;149;124mx[38;2;185;148;122md[38;2;184;145;117md[38;2;183;141;109md[38;2;182;135;98mo[38;2;184;137;98md[38;2;188;139;99md[38;2;187;139;101md[38;2;188;138;105md[38;2;188;137;106md[38;2;188;138;106md[38;2;188;138;106md[38;2;188;139;107md[38;2;186;139;107md[38;2;186;138;107md[38;2;160;118;87ml[38;2;167;129;98mo[38;2;185;138;102md[38;2;182;133;101mo[38;2;185;135;103md[38;2;184;134;102md[38;2;183;134;101mo[38;2;181;135;101md[38;2;181;136;103md[38;2;182;136;103md[38;2;170;126;96mo[38;2;2;2;1m [38;2;0;0;0m    [0m
[0m[38;2;0;0;0m      [38;2;140;103;76m:[38;2;182;135;98mo[38;2;182;133;97mo[38;2;175;125;91mo[38;2;171;130;104mo[38;2;193;156;137mx[38;2;186;149;127mx[38;2;182;145;117md[38;2;180;137;103md[38;2;181;132;98mo[38;2;183;136;101md[38;2;184;135;102md[38;2;184;136;100md[38;2;165;122;88ml[38;2;158;119;87ml[38;2;182;137;103md[38;2;184;136;100md[38;2;185;136;97md[38;2;185;136;97md[38;2;185;136;97md[38;2;185;136;96md[38;2;185;136;96md[38;2;185;136;96md[38;2;185;136;96md[38;2;184;137;96md[38;2;184;136;98md[38;2;185;136;96md[38;2;185;136;96md[38;2;185;136;97md[38;2;185;136;96md[38;2;185;136;95md[38;2;185;136;96md[38;2;185;136;96md[38;2;185;136;95md[38;2;185;136;96md[38;2;185;136;97md[38;2;184;135;96md[38;2;184;135;96md[38;2;184;135;96md[38;2;184;135;96md[38;2;183;134;95mo[38;2;184;135;96md[38;2;162;119;84ml[38;2;159;119;90ml[38;2;174;127;89mo[38;2;182;133;94mo[38;2;183;134;95mo[38;2;182;133;96mo[38;2;183;133;96mo[38;2;182;132;100mo[38;2;181;132;100mo[38;2;182;133;97mo[38;2;182;134;94mo[38;2;36;25;18m.[38;2;0;0;0m    [0m
[0m[38;2;0;0;0m      [38;2;123;92;68m:[38;2;180;132;92mo[38;2;173;121;83ml[38;2;157;99;62mc[38;2;155;105;77mc[38;2;173;128;101mo[38;2;177;132;99mo[38;2;179;134;95mo[38;2;181;132;92mo[38;2;180;131;91mo[38;2;182;131;99mo[38;2;182;131;99mo[38;2;181;132;97mo[38;2;170;124;92mo[38;2;165;123;92ml[38;2;171;127;93mo[38;2;181;133;94mo[38;2;183;134;94mo[38;2;183;134;94mo[38;2;182;133;93mo[38;2;182;133;93mo[38;2;182;133;93mo[38;2;182;133;93mo[38;2;183;134;94mo[38;2;182;133;93mo[38;2;183;134;94mo[38;2;183;134;94mo[38;2;183;134;94mo[38;2;169;120;80ml[38;2;182;133;93mo[38;2;178;129;89mo[38;2;182;133;93mo[38;2;182;133;93mo[38;2;182;133;92mo[38;2;182;133;92mo[38;2;182;133;93mo[38;2;182;133;93mo[38;2;181;132;92mo[38;2;181;132;92mo[38;2;181;132;92mo[38;2;181;132;92mo[38;2;182;133;93mo[38;2;165;118;82ml[38;2;147;98;71m:[38;2;170;122;85ml[38;2;179;130;90mo[38;2;181;132;92mo[38;2;181;132;92mo[38;2;181;132;92mo[38;2;180;131;93mo[38;2;180;130;93mo[38;2;180;131;90mo[38;2;181;128;90mo[38;2;56;38;28m.[38;2;0;0;0m    [0m
