[0m[38;2;0;0;0m       [38;2;4;2;3m [38;2;157;85;97m:[38;2;240;107;128md[38;2;242;108;131md[38;2;240;105;127md[38;2;237;101;125mo[38;2;250;111;133md[38;2;251;114;129mx[38;2;244;122;130mx[38;2;240;134;137mx[38;2;245;119;130mx[38;2;242;122;127mx[38;2;242;176;171m0[38;2;243;142;148mk[38;2;244;192;192mK[38;2;232;220;233mX[38;2;239;217;218mX[38;2;235;177;171m0[38;2;239;223;212mN[38;2;231;186;186m0[38;2;247;113;129md[38;2;242;133;149mx[38;2;243;206;216mX[38;2;237;226;231mN[38;2;235;181;192m0[38;2;239;147;156mk[38;2;240;180;181m0[38;2;238;200;195mK[38;2;240;187;189mK[38;2;234;134;143mx[38;2;236;105;117md[38;2;244;110;126md[38;2;246;121;136mx[38;2;234;117;130md[38;2;243;115;126md[38;2;244;112;135md[38;2;245;104;136md[38;2;250;99;125md[38;2;251;95;119mo[38;2;241;89;120mo[38;2;241;94;123mo[38;2;235;93;120mo[38;2;237;93;122mo[38;2;73;28;43m.[38;2;17;17;17m [38;2;0;0;0m            [0m
[0m[38;2;0;0;0m      [38;2;46;21;23m.[38;2;198;86;116ml[38;2;238;110;133md[38;2;239;105;127md[38;2;246;109;132md[38;2;238;103;126md[38;2;240;110;131md[38;2;244;133;147mx[38;2;241;167;171mO[38;2;241;194;199mK[38;2;238;209;207mX[38;2;242;187;184mK[38;2;227;151;154mk[38;2;248;221;217mN[38;2;235;168;171mO[38;2;244;206;206mX[38;2;232;222;237mN[38;2;236;229;228mN[38;2;237;173;172m0[38;2;240;188;191mK[38;2;244;206;206mX[38;2;234;119;128md[38;2;243;123;133mx[38;2;236;171;175mO[38;2;236;213;215mX[38;2;242;200;214mK[38;2;236;142;148mk[38;2;245;180;182m0[38;2;236;211;210mX[38;2;237;224;227mN[38;2;238;190;198mK[38;2;237;111;127md[38;2;234;108;117md[38;2;236;187;175m0[38;2;244;198;197mK[38;2;230;151;158mk[38;2;241;116;137md[38;2;250;127;149mx[38;2;244;125;145mx[38;2;245;116;139mx[38;2;245;108;134md[38;2;244;91;122mo[38;2;241;84;116mo[38;2;240;88;118mo[38;2;237;94;134mo[38;2;154;76;84m:[38;2;5;3;3m [38;2;0;0;0m           [0m
[0m[38;2;0;0;0m    [38;2;4;1;2m [38;2;137;74;90m;[38;2;229;103;121mo[38;2;246;100;126md[38;2;238;100;128mo[38;2;245;115;136mx[38;2;238;115;129md[38;2;230;124;138mx[38;2;246;185;186mK[38;2;236;180;177m0[38;2;238;219;215mX[38;2;231;228;230mN[38;2;235;223;226mN[38;2;244;185;193mK[38;2;233;130;143mx[38;2;249;169;177m0[38;2;241;136;146mk[38;2;242;141;151mk[38;2;244;145;165mk[38;2;246;138;157mk[38;2;243;117;131md[38;2;240;104;126md[38;2;246;114;136md[38;2;247;100;131md[38;2;248;93;123mo[38;2;249;103;124md[38;2;244;114;132md[38;2;247;111;137md[38;2;243;99;124mo[38;2;241;102;127md[38;2;246;118;141mx[38;2;246;124;146mx[38;2;248;123;148mx[38;2;244;108;132md[38;2;237;93;110mo[38;2;233;113;127md[38;2;246;161;176mO[38;2;245;176;185m0[38;2;237;122;140mx[38;2;237;140;149mk[38;2;240;190;188mK[38;2;241;203;203mK[38;2;240;196;199mK[38;2;235;144;159mk[38;2;242;105;132md[38;2;242;92;120mo[38;2;234;86;112ml[38;2;246;94;129mo[38;2;209;90;117ml[38;2;35;19;24m [38;2;0;0;0m          [0m
[0m[38;2;0;0;0m   [38;2;2;1;2m [38;2;146;67;87m;[38;2;244;100;130md[38;2;250;99;129md[38;2;233;96;121mo[38;2;244;142;159mk[38;2;244;199;204mK[38;2;230;161;157mO[38;2;236;143;152mk[38;2;242;185;187m0[38;2;238;135;143mx[38;2;245;148;156mk[38;2;242;146;153mk[38;2;242;131;143mx[38;2;242;107;128md[38;2;241;92;119mo[38;2;248;98;125md[38;2;249;98;126md[38;2;248;97;125md[38;2;248;98;126md[38;2;248;99;126md[38;2;248;99;126md[38;2;234;85;113ml[38;2;243;92;120mo[38;2;248;96;124mo[38;2;247;93;121mo[38;2;239;85;113mo[38;2;251;97;125md[38;2;249;95;123mo[38;2;249;95;123mo[38;2;243;90;118mo[38;2;244;90;118mo[38;2;249;95;123mo[38;2;248;96;124mo[38;2;248;99;126md[38;2;247;98;125md[38;2;247;99;126md[38;2;222;75;101mc[38;2;242;99;124mo[38;2;251;97;126md[38;2;243;90;119mo[38;2;241;114;134md[38;2;239;141;155mk[38;2;244;168;183m0[38;2;249;171;185m0[38;2;233;130;146mx[38;2;237;143;153mk[38;2;241;158;170mO[38;2;224;112;129md[38;2;242;97;122mo[38;2;233;93;126mo[38;2;45;24;28m.[38;2;0;0;0m         [0m
[0m[38;2;0;0;0m  [38;2;2;2;2m [38;2;102;52;74m'[38;2;237;96;125mo[38;2;247;105;132md[38;2;239;118;137md[38;2;244;161;171mO[38;2;241;178;184m0[38;2;243;211;222mX[38;2;228;145;153mk[38;2;248;118;138mx[38;2;233;118;136md[38;2;249;99;125md[38;2;251;98;125md[38;2;250;96;124md[38;2;249;95;123mo[38;2;244;91;118mo[38;2;238;88;115mo[38;2;246;96;123mo[38;2;248;98;125md[38;2;249;99;126md[38;2;248;99;126md[38;2;248;99;126md[38;2;249;98;126md[38;2;245;101;127md[38;2;231;99;121mo[38;2;239;100;124mo[38;2;250;97;125md[38;2;246;94;122mo[38;2;236;88;115mo[38;2;248;94;123mo[38;2;248;95;124mo[38;2;250;96;125md[38;2;240;87;116mo[38;2;248;96;124mo[38;2;250;100;127md[38;2;249;98;126md[38;2;248;98;125md[38;2;246;97;124mo[38;2;231;83;110ml[38;2;187;49;73m;[38;2;221;79;104ml[38;2;247;94;123mo[38;2;240;85;115mo[38;2;240;84;114mo[38;2;247;97;124md[38;2;246;99;127md[38;2;247;99;128md[38;2;229;101;126mo[38;2;230;147;164mk[38;2;240;151;164mk[38;2;236;90;115mo[38;2;244;87;118mo[38;2;219;102;127mo[38;2;22;11;13m [38;2;0;0;0m        [0m
[0m[38;2;0;0;0m  [38;2;26;16;22m [38;2;220;108;132mo[38;2;244;110;131md[38;2;250;146;162mk[38;2;226;157;160mk[38;2;239;164;169mO[38;2;241;131;147mx[38;2;244;126;145mx[38;2;237;98;124mo[38;2;250;97;127md[38;2;232;87;115mo[38;2;245;105;131md[38;2;249;100;127md[38;2;249;100;127md[38;2;249;100;127md[38;2;248;99;126md[38;2;240;92;119mo[38;2;236;89;116mo[38;2;247;100;126md[38;2;248;100;127md[38;2;247;103;129md[38;2;247;105;130md[38;2;252;98;127md[38;2;248;102;128md[38;2;235;112;130md[38;2;236;144;154mk[38;2;232;114;133md[38;2;243;99;127md[38;2;240;99;126mo[38;2;233;86;115ml[38;2;241;99;126mo[38;2;248;99;128md[38;2;245;93;124mo[38;2;237;89;118mo[38;2;247;100;128md[38;2;250;99;126md[38;2;250;99;127md[38;2;248;98;125md[38;2;243;93;120mo[38;2;223;80;106ml[38;2;193;56;79m:[38;2;194;57;80m:[38;2;227;81;107ml[38;2;222;72;99mc[38;2;232;81;109ml[38;2;250;89;120mo[38;2;248;88;119mo[38;2;246;95;123mo[38;2;211;77;99mc[38;2;219;79;103ml[38;2;245;91;120mo[38;2;239;81;112ml[38;2;240;88;114mo[38;2;195;87;107ml[38;2;11;6;8m [38;2;0;0;0m       [0m
[0m[38;2;0;0;0m  [38;2;112;61;90m,[38;2;236;102;122mo[38;2;245;130;151mx[38;2;247;185;186mK[38;2;232;125;140mx[38;2;226;109;128md[38;2;240;88;118mo[38;2;252;93;125mo[38;2;241;88;119mo[38;2;246;101;129md[38;2;232;99;123mo[38;2;242;106;130md[38;2;249;100;127md[38;2;249;100;127md[38;2;249;100;127md[38;2;250;101;128md[38;2;245;102;128md[38;2;234;94;118mo[38;2;231;92;116mo[38;2;249;109;133md[38;2;248;108;133md[38;2;248;109;133md[38;2;248;109;133md[38;2;249;110;134md[38;2;247;110;133md[38;2;236;131;144mx[38;2;243;172;175m0[38;2;230;147;155mk[38;2;235;111;132md[38;2;238;103;128md[38;2;231;106;127md[38;2;238;100;126mo[38;2;248;99;129md[38;2;228;77;106ml[38;2;244;96;124mo[38;2;248;102;129md[38;2;248;103;129md[38;2;249;105;131md[38;2;240;95;121mo[38;2;234;89;116mo[38;2;213;77;100mc[38;2;190;62;83m:[38;2;182;52;73m;[38;2;194;63;84m:[38;2;193;57;80m:[38;2;229;76;104ml[38;2;247;89;120mo[38;2;246;91;120mo[38;2;240;93;120mo[38;2;198;58;82m:[38;2;203;63;87m:[38;2;245;92;121mo[38;2;241;79;108ml[38;2;233;81;105ml[38;2;169;73;100mc[38;2;5;4;4m [38;2;0;0;0m      [0m
[0m[38;2;0;0;0m [38;2;35;35;35m [38;2;170;83;114mc[38;2;232;106;129md[38;2;246;147;160mk[38;2;239;129;145mx[38;2;240;97;124mo[38;2;234;82;112ml[38;2;218;70;99mc[38;2;250;96;127md[38;2;238;92;121mo[38;2;245;95;125mo[38;2;238;158;164mO[38;2;235;141;152mk[38;2;244;106;132md[38;2;241;99;126mo[38;2;243;98;126mo[38;2;251;104;133md[38;2;250;105;132md[38;2;247;106;131md[38;2;232;98;120mo[38;2;233;107;127md[38;2;241;116;136md[38;2;246;113;137md[38;2;233;99;123mo[38;2;243;109;132md[38;2;248;114;138md[38;2;249;116;136mx[38;2;226;126;138mx[38;2;233;168;176mO[38;2;231;159;169mO[38;2;231;141;154mk[38;2;231;114;132md[38;2;218;112;128md[38;2;233;106;130md[38;2;245;106;135md[38;2;213;80;108ml[38;2;243;108;134md[38;2;248;113;137md[38;2;249;114;136mx[38;2;248;114;133md[38;2;205;71;95mc[38;2;230;97;120mo[38;2;188;56;79m;[38;2;182;50;73m;[38;2;175;48;69m;[38;2;170;49;67m;[38;2;179;48;69m;[38;2;216;73;98mc[38;2;244;93;121mo[38;2;246;89;119mo[38;2;239;85;115mo[38;2;185;54;75m;[38;2;190;61;82m:[38;2;234;84;112ml[38;2;241;91;116mo[38;2;192;60;82m:[38;2;105;46;59m'[38;2;17;12;14m [38;2;0;0;0m     [0m
[0m[38;2;0;0;0m [38;2;23;23;23m [38;2;172;83;104mc[38;2;237;87;113mo[38;2;248;101;123md[38;2;250;98;128md[38;2;238;91;119mo[38;2;240;96;124mo[38;2;199;55;83m:[38;2;250;98;129md[38;2;238;96;123mo[38;2;237;97;123mo[38;2;242;193;189mK[38;2;243;202;196mK[38;2;232;151;157mk[38;2;243;117;139mx[38;2;239;98;125mo[38;2;235;107;130md[38;2;244;115;136md[38;2;252;114;138mx[38;2;246;116;137mx[38;2;222;121;133md[38;2;234;159;163mO[38;2;237;152;160mk[38;2;232;126;141mx[38;2;230;109;129md[38;2;236;117;137md[38;2;236;117;131md[38;2;241;122;134mx[38;2;229;127;138mx[38;2;133;73;79m;[38;2;93;66;72m'[38;2;78;33;38m.[38;2;119;60;67m,[38;2;138;71;75m;[38;2;160;68;77m;[38;2;182;75;90m:[38;2;182;69;88m:[38;2;240;101;126md[38;2;252;110;135md[38;2;248;118;135mx[38;2;242;112;134md[38;2;191;61;83m:[38;2;227;98;120mo[38;2;184;54;77m;[38;2;176;50;70m;[38;2;174;61;76m;[38;2;172;68;80m:[38;2;176;58;75m;[38;2;210;66;92mc[38;2;245;86;117mo[38;2;250;84;117mo[38;2;218;74;100mc[38;2;170;47;66m,[38;2;191;60;79m:[38;2;238;81;103ml[38;2;238;94;117mo[38;2;34;16;21m [38;2;67;67;67m [38;2;42;42;42m [38;2;0;0;0m    [0m
[0m[38;2;0;0;0m [38;2;27;27;27m [38;2;135;67;85m,[38;2;231;73;103ml[38;2;248;99;129md[38;2;248;100;129md[38;2;240;93;122mo[38;2;244;101;128md[38;2;191;54;79m;[38;2;245;103;130md[38;2;248;97;127md[38;2;213;95;114ml[38;2;226;174;171mO[38;2;228;189;181m0[38;2;231;186;179m0[38;2;237;161;164mO[38;2;236;133;146mx[38;2;235;122;138mx[38;2;230;122;140md[38;2;234;121;141mx[38;2;239;121;138mx[38;2;242;126;139mx[38;2;236;139;146mk[38;2;241;193;187mK[38;2;241;192;186mK[38;2;236;161;164mO[38;2;212;92;111ml[38;2;190;55;76m;[38;2;133;62;87m,[38;2;151;150;180md[38;2;99;97;137m:[38;2;23;75;103m.[38;2;0;32;56m [38;2;21;33;49m.[38;2;180;174;180mk[38;2;190;177;173mO[38;2;186;127;133md[38;2;228;146;158mk[38;2;206;92;109ml[38;2;239;110;128md[38;2;249;120;136mx[38;2;250;118;137mx[38;2;209;87;105ml[38;2;190;61;82m:[38;2;204;97;114ml[38;2;222;159;162mk[38;2;225;165;167mO[38;2;228;158;163mk[38;2;217;149;153mk[38;2;186;86;101mc[38;2;201;62;87m:[38;2;240;92;117mo[38;2;247;87;114mo[38;2;173;48;73m,[38;2;11;5;6m [38;2;80;33;36m.[38;2;231;80;97ml[38;2;179;87;117mc[38;2;7;7;7m [38;2;0;0;0m     [0m
[0m[38;2;0;0;0m  [38;2;54;30;38m.[38;2;201;62;76m:[38;2;247;102;127md[38;2;249;100;129md[38;2;250;99;129md[38;2;240;94;122mo[38;2;207;71;96mc[38;2;229;92;117mo[38;2;242;103;129md[38;2;209;117;127md[38;2;226;174;171mO[38;2;246;193;190mK[38;2;240;193;186mK[38;2;233;196;186mK[38;2;239;192;185mK[38;2;236;166;167mO[38;2;232;143;150mk[38;2;226;149;153mk[38;2;231;163;165mO[38;2;231;147;155mk[38;2;230;131;143mx[38;2;227;141;147mx[38;2;239;185;180m0[38;2;239;197;188mK[38;2;223;169;164mO[38;2;226;193;194mK[38;2;136;178;195mx[38;2;15;127;143m;[38;2;33;91;121m,[38;2;79;125;159mc[38;2;11;96;135m'[38;2;9;67;88m.[38;2;200;192;210m0[38;2;233;225;223mN[38;2;226;192;184m0[38;2;242;189;180mK[38;2;234;161;159mO[38;2;211;112;120mo[38;2;234;115;131md[38;2;247;120;136mx[38;2;245;117;136mx[38;2;190;80;95mc[38;2;222;139;149mx[38;2;217;137;147mx[38;2;227;134;148mx[38;2;225;130;145mx[38;2;230;137;151mx[38;2;242;168;176mO[38;2;184;79;94mc[38;2;185;61;77m:[38;2;242;83;108mo[38;2;227;88;118ml[38;2;27;16;18m [38;2;32;32;32m [38;2;10;4;5m [38;2;210;88;110ml[38;2;36;18;26m [38;2;0;0;0m     [0m
[0m[38;2;0;0;0m  [38;2;44;44;44m [38;2;100;50;65m'[38;2;123;53;64m'[38;2;250;100;130md[38;2;251;97;127md[38;2;247;105;129md[38;2;229;92;113mo[38;2;218;78;108ml[38;2;237;109;131md[38;2;178;103;107ml[38;2;141;90;90m:[38;2;131;73;88m;[38;2;132;89;109m:[38;2;120;59;77m,[38;2;162;80;94m:[38;2;227;166;166mO[38;2;239;204;188mK[38;2;234;197;180mK[38;2;228;189;176m0[38;2;235;197;186mK[38;2;238;200;189mK[38;2;236;195;181mK[38;2;233;197;182mK[38;2;239;204;189mK[38;2;239;199;186mK[38;2;241;206;199mX[38;2;152;144;157md[38;2;75;117;139m:[38;2;63;121;152m:[38;2;60;113;147m:[38;2;88;109;135m:[38;2;157;127;149mo[38;2;222;164;172mO[38;2;212;143;135mx[38;2;242;152;146mk[38;2;243;161;155mO[38;2;243;170;165m0[38;2;242;165;163mO[38;2;233;143;147mk[38;2;231;124;138mx[38;2;240;118;138mx[38;2;236;125;141mx[38;2;225;140;148mx[38;2;211;120;131md[38;2;227;131;148mx[38;2;228;127;148mx[38;2;228;125;143mx[38;2;243;168;173mO[38;2;223;98;118mo[38;2;180;48;68m;[38;2;188;51;72m;[38;2;233;92;118mo[38;2;104;42;56m.[38;2;0;0;0m [38;2;14;14;14m [38;2;61;61;61m [38;2;36;17;29m [38;2;0;0;0m     [0m
[0m[38;2;0;0;0m  [38;2;3;3;3m [38;2;70;70;70m [38;2;18;9;12m [38;2;188;95;114mc[38;2;249;104;134md[38;2;244;100;126md[38;2;248;104;128md[38;2;213;69;109mc[38;2;232;106;137md[38;2;131;70;79m;[38;2;183;174;183mk[38;2;134;170;189mx[38;2;24;106;140m,[38;2;22;58;92m.[38;2;41;80;91m'[38;2;233;209;214mX[38;2;240;203;190mK[38;2;239;204;185mK[38;2;239;204;185mK[38;2;239;204;185mK[38;2;238;204;185mK[38;2;237;204;184mK[38;2;238;199;181mK[38;2;240;192;178mK[38;2;241;187;174m0[38;2;242;175;168m0[38;2;241;162;161mO[38;2;238;144;150mk[38;2;241;132;145mx[38;2;245;127;146mx[38;2;244;126;146mx[38;2;246;127;146mx[38;2;247;131;146mx[38;2;245;129;141mx[38;2;246;135;143mk[38;2;244;147;149mk[38;2;242;165;161mO[38;2;242;174;167m0[38;2;246;175;169m0[38;2;242;174;167m0[38;2;232;144;146mk[38;2;235;125;137mx[38;2;229;112;129md[38;2;225;113;131md[38;2;209;108;129mo[38;2;228;132;155mx[38;2;223;132;147mx[38;2;200;111;118mo[38;2;184;57;76m;[38;2;221;84;107ml[38;2;174;40;62m,[38;2;178;41;64m,[38;2;208;82;107ml[38;2;12;3;8m [38;2;0;0;0m  [38;2;34;34;34m [38;2;0;0;0m     [0m
[0m[38;2;0;0;0m    [38;2;41;41;41m [38;2;75;75;75m [38;2;159;80;94m:[38;2;231;93;116mo[38;2;244;101;133md[38;2;241;103;128md[38;2;215;86;108ml[38;2;211;134;147mx[38;2;232;216;223mX[38;2;113;143;161mo[38;2;18;106;146m,[38;2;40;135;171mc[38;2;77;122;141mc[38;2;238;206;207mX[38;2;240;194;179mK[38;2;240;195;178mK[38;2;240;198;180mK[38;2;240;201;182mK[38;2;240;201;182mK[38;2;240;198;180mK[38;2;241;194;178mK[38;2;242;190;176mK[38;2;242;184;171m0[38;2;240;177;162m0[38;2;241;162;153mO[38;2;245;144;145mk[38;2;248;136;145mk[38;2;246;131;143mx[38;2;247;126;134mx[38;2;247;130;137mx[38;2;245;133;139mx[38;2;246;136;142mk[38;2;247;140;145mk[38;2;247;151;152mO[38;2;243;167;161mO[38;2;241;179;168m0[38;2;241;184;171m0[38;2;240;192;170mK[38;2;244;188;172m0[38;2;246;174;171m0[38;2;213;118;128md[38;2;216;112;128mo[38;2;203;111;125mo[38;2;221;141;153mx[38;2;209;125;136md[38;2;167;56;70m;[38;2;166;43;61m,[38;2;183;48;68m;[38;2;189;49;70m;[38;2;173;40;61m,[38;2;108;31;45m.[38;2;8;4;6m [38;2;2;2;2m [38;2;0;0;0m       [0m
[0m[38;2;0;0;0m      [38;2;66;66;66m [38;2;100;46;58m'[38;2;195;65;92m:[38;2;217;83;106ml[38;2;219;92;114ml[38;2;211;101;120mo[38;2;234;145;160mk[38;2;226;155;169mk[38;2;165;116;130ml[38;2;163;119;137mo[38;2;217;144;158mx[38;2;240;166;157mO[38;2;241;178;163m0[38;2;242;184;169m0[38;2;241;191;174mK[38;2;239;197;177mK[38;2;239;199;179mK[38;2;240;194;176mK[38;2;241;193;176mK[38;2;241;192;174mK[38;2;240;189;172m0[38;2;240;181;167m0[38;2;241;173;162m0[38;2;243;164;157mO[38;2;246;155;151mO[38;2;248;149;148mk[38;2;247;146;145mk[38;2;245;146;145mk[38;2;248;152;150mO[38;2;244;152;148mk[38;2;245;160;154mO[38;2;245;169;160mO[38;2;244;177;165m0[38;2;241;184;169m0[38;2;239;189;172m0[38;2;241;187;169m0[38;2;241;187;172m0[38;2;240;183;174m0[38;2;206;135;136md[38;2;233;156;160mO[38;2;230;161;161mO[38;2;223;153;154mk[38;2;160;63;73m;[38;2;171;42;62m,[38;2;174;38;60m,[38;2;166;38;59m,[38;2;149;38;57m'[38;2;168;48;68m,[38;2;100;36;57m.[38;2;9;9;9m [38;2;14;14;14m [38;2;0;0;0m       [0m
[0m[38;2;0;0;0m       [38;2;40;40;40m [38;2;1;1;1m [38;2;128;49;67m'[38;2;183;58;80m;[38;2;216;105;116mo[38;2;236;109;122md[38;2;243;114;129md[38;2;245;127;140mx[38;2;244;136;144mk[38;2;246;138;144mk[38;2;242;162;158mO[38;2;234;169;157mO[38;2;241;180;166m0[38;2;241;185;170m0[38;2;240;192;174mK[38;2;240;195;176mK[38;2;239;195;176mK[38;2;240;194;175mK[38;2;241;193;174mK[38;2;239;192;174mK[38;2;239;189;172m0[38;2;240;185;169m0[38;2;241;182;167m0[38;2;241;180;165m0[38;2;243;175;161m0[38;2;243;173;162m0[38;2;242;174;162m0[38;2;242;176;163m0[38;2;242;179;165m0[38;2;241;181;166m0[38;2;241;183;168m0[38;2;241;185;169m0[38;2;240;187;170m0[38;2;239;188;171m0[38;2;240;189;169m0[38;2;242;184;171m0[38;2;220;147;146mk[38;2;204;113;121mo[38;2;203;101;112ml[38;2;188;78;92mc[38;2;168;52;68m;[38;2;161;36;55m'[38;2;171;40;62m,[38;2;148;32;47m'[38;2;99;40;53m.[38;2;7;3;4m [38;2;5;2;3m [38;2;89;37;51m.[38;2;0;0;0m         [0m
[0m[38;2;0;0;0m        [38;2;5;5;5m [38;2;71;71;71m [38;2;139;53;72m,[38;2;183;56;71m;[38;2;246;126;140mx[38;2;243;134;146mx[38;2;245;141;144mk[38;2;244;149;149mk[38;2;243;161;156mO[38;2;243;169;162mO[38;2;241;179;166m0[38;2;241;184;169m0[38;2;241;187;171m0[38;2;239;189;172m0[38;2;239;192;173mK[38;2;239;194;172mK[38;2;239;193;171mK[38;2;239;191;170mK[38;2;240;191;170mK[38;2;238;194;175mK[38;2;241;185;170m0[38;2;242;187;170m0[38;2;235;195;169mK[38;2;239;190;166m0[38;2;239;188;169m0[38;2;239;188;169m0[38;2;239;188;169m0[38;2;239;188;169m0[38;2;239;188;169m0[38;2;239;188;169m0[38;2;239;188;169m0[38;2;239;188;169m0[38;2;239;188;169m0[38;2;242;182;167m0[38;2;228;143;148mk[38;2;168;53;76m;[38;2;161;35;57m'[38;2;167;40;57m,[38;2;167;43;62m,,[38;2;159;35;54m'[38;2;168;44;63m,[38;2;58;15;19m [38;2;32;16;20m [38;2;14;5;9m [38;2;16;16;16m [38;2;61;61;61m [38;2;0;0;0m         [0m
[0m[38;2;0;0;0m          [38;2;92;92;92m [38;2;145;49;67m,[38;2;221;101;112mo[38;2;244;164;160mO[38;2;241;171;158mO[38;2;241;174;160m0[38;2;240;177;162m0[38;2;240;179;164m0[38;2;241;182;167m0[38;2;241;185;170m0[38;2;241;187;171m0[38;2;235;184;168m0[38;2;239;189;175m0[38;2;233;186;179m0[38;2;227;188;178m0[38;2;220;173;166mO[38;2;217;148;149mk[38;2;217;125;131md[38;2;206;89;100ml[38;2;184;74;80m:[38;2;235;167;156mO[38;2;240;189;171m0[38;2;239;188;169m0[38;2;239;188;169m0[38;2;239;188;169m0[38;2;239;188;169m0[38;2;239;188;169m0[38;2;239;188;169m0[38;2;239;189;169m0[38;2;238;187;168m0[38;2;236;181;165m0[38;2;229;134;145mx[38;2;229;114;140md[38;2;200;74;106mc[38;2;158;34;54m'[38;2;158;38;49m'[38;2;164;41;60m,[38;2;164;41;60m,[38;2;158;34;53m'[38;2;163;40;59m,[38;2;18;7;10m [38;2;25;25;25m [38;2;49;49;49m [38;2;0;0;0m           [0m
[0m[38;2;0;0;0m           [38;2;70;70;70m [38;2;88;39;46m.[38;2;232;136;137mx[38;2;242;181;167m0[38;2;238;189;171m0[38;2;238;190;171m0[38;2;241;185;169m0[38;2;240;187;166m0[38;2;237;190;169m0[38;2;204;150;137mx[38;2;142;63;65m,[38;2;178;68;82m:[38;2;212;68;90mc[38;2;221;68;87mc[38;2;227;65;81mc[38;2;238;73;84ml[38;2;246;69;84ml[38;2;239;77;89ml[38;2;217;104;102mo[38;2;245;180;164m0[38;2;235;193;171mK[38;2;239;188;169m0[38;2;239;188;169m0[38;2;239;188;169m0[38;2;239;188;169m0[38;2;238;189;170m0[38;2;237;192;170mK[38;2;240;188;166m0[38;2;236;166;159mO[38;2;223;129;144mx[38;2;226;116;141md[38;2;229;113;138md[38;2;230;110;135md[38;2;179;56;76m;[38;2;154;30;49m'[38;2;162;39;57m,[38;2;162;37;56m,[38;2;156;31;51m'[38;2;158;39;58m,[38;2;10;4;7m [38;2;0;0;0m             [0m
[0m[38;2;0;0;0m            [38;2;45;45;45m [38;2;18;9;11m [38;2;214;134;130mx[38;2;246;179;168m0[38;2;240;187;171m0[38;2;237;191;173m0[38;2;241;185;168m0[38;2;236;191;170m0[38;2;240;193;173mK[38;2;228;145;139mk[38;2;227;97;103mo[38;2;238;80;82ml[38;2;242;88;88mo[38;2;241;89;87mo[38;2;244;93;91mo[38;2;239;108;103md[38;2;235;139;126mx[38;2;241;182;159m0[38;2;238;190;167m0[38;2;241;189;170m0[38;2;239;188;169m0[38;2;239;188;169m0[38;2;239;188;169m0[38;2;239;188;169m0[38;2;239;190;169m0[38;2;239;181;168m0[38;2;229;143;151mk[38;2;225;117;137md[38;2;230;112;137md[38;2;225;117;143md[38;2;225;117;139md[38;2;227;115;135md[38;2;209;91;109ml[38;2;150;28;47m'[38;2;160;32;52m'[38;2;150;28;47m'[38;2;156;27;48m'[38;2;162;37;58m,[38;2;14;4;7m [38;2;0;0;0m             [0m
[0m[38;2;0;0;0m             [38;2;13;13;13m [38;2;95;95;95m [38;2;63;40;42m.[38;2;232;149;151mk[38;2;235;177;160m0[38;2;240;189;169m0[38;2;239;189;170m0[38;2;239;189;168m0[38;2;238;186;166m0[38;2;240;187;166m0[38;2;232;175;154mO[38;2;237;169;152mO[38;2;240;169;154mO[38;2;241;177;160m0[38;2;239;186;164m0[38;2;239;188;166m0[38;2;241;187;167m0[38;2;240;186;167m0[38;2;239;187;167m0[38;2;240;188;164m0[38;2;238;191;167m0[38;2;239;190;170m0[38;2;239;180;166m0[38;2;226;151;146mk[38;2;217;123;132md[38;2;223;110;134md[38;2;228;111;140md[38;2;227;116;143md[38;2;228;132;146mx[38;2;234;141;152mk[38;2;236;145;153mk[38;2;230;140;146mx[38;2;173;78;83m:[38;2;153;47;63m,[38;2;50;19;27m [38;2;40;18;26m [38;2;63;21;33m.[38;2;19;12;16m [38;2;0;0;0m             [0m
[0m[38;2;0;0;0m               [38;2;29;29;29m [38;2;3;2;2m [38;2;156;77;85m:[38;2;236;139;137mx[38;2;237;155;146mk[38;2;242;172;160m0[38;2;241;181;164m0[38;2;239;185;167m0[38;2;237;186;167m0[38;2;237;186;167m0[38;2;237;186;167m0[38;2;237;186;167m0[38;2;237;186;167m0[38;2;237;186;167m0[38;2;237;186;167m0[38;2;238;187;168m0[38;2;238;186;168m0[38;2;241;185;170m0[38;2;231;158;153mk[38;2;225;132;138mx[38;2;217;110;124mo[38;2;223;110;129md[38;2;225;111;132md[38;2;225;112;132md[38;2;222;122;136md[38;2;234;154;160mk[38;2;241;187;170m0[38;2;238;189;172m0[38;2;232;188;173m0[38;2;231;193;180mK[38;2;227;195;187mK[38;2;178;145;156md[38;2;124;143;160mo[38;2;96;124;157mc[38;2;32;46;90m.[38;2;14;21;30m [38;2;4;4;4m [38;2;0;0;0m            [0m
[0m[38;2;0;0;0m                [38;2;3;3;3m [38;2;63;63;63m [38;2;35;19;21m [38;2;230;107;119mo[38;2;236;117;122md[38;2;177;99;95ml[38;2;36;26;24m.[38;2;47;37;35m.[38;2;207;165;150mk[38;2;237;188;167m0[38;2;237;185;164m0[38;2;235;188;169m0[38;2;221;175;159mO[38;2;147;117;106ml[38;2;162;122;111mo[38;2;225;145;140mx[38;2;217;120;134md[38;2;216;107;125mo[38;2;225;106;127mo[38;2;225;103;125mo[38;2;228;103;128mo[38;2;227;105;130mo[38;2;222;121;136md[38;2;232;162;164mO[38;2;233;188;180m0[38;2;225;201;201mK[38;2;225;207;209mK[38;2;227;218;222mX[38;2;230;229;235mN[38;2;226;230;238mN[38;2;230;227;239mN[38;2;209;224;232mX[38;2;131;149;160mo[38;2;59;77;92m'[38;2;53;78;91m'[38;2;47;68;84m'[38;2;23;45;59m.[38;2;9;27;33m [38;2;1;5;7m [38;2;1;1;1m [38;2;8;8;8m [38;2;0;0;0m      [38;2;10;10;10m [0m
[0m[38;2;0;0;0m                  [38;2;23;23;23m [38;2;117;117;117m [38;2;174;76;94m:[38;2;240;99;119mo[38;2;110;46;54m'[38;2;15;15;15m [38;2;59;59;59m [38;2;89;89;89m [38;2;97;97;97m [38;2;88;88;88m [38;2;60;60;60m [38;2;28;28;28m [38;2;63;63;63m [38;2;73;39;49m.[38;2;221;104;132mo[38;2;226;102;131mo[38;2;224;103;130mo[38;2;219;110;131mo[38;2;215;125;140md[38;2;218;152;161mk[38;2;226;184;193m0[38;2;226;212;221mX[38;2;222;226;235mX[38;2;223;228;236mN[38;2;225;229;237mN[38;2;226;228;236mN[38;2;228;228;237mN[38;2;226;227;235mN[38;2;203;207;214mK[38;2;116;125;132ml[38;2;62;75;84m'[38;2;57;74;84m'[38;2;58;75;88m'[38;2;59;75;88m'[38;2;57;74;87m'[38;2;89;107;118m:[38;2;107;126;137mc[38;2;57;79;93m'[38;2;47;73;95m'[38;2;41;68;86m.[38;2;34;59;77m.[38;2;18;46;67m.[38;2;35;58;82m.[38;2;37;58;76m.[38;2;44;64;85m.[38;2;48;68;89m'[0m
[0m[38;2;0;0;0m                    [38;2;61;61;61m [38;2;54;28;32m.[38;2;223;104;120mo[38;2;18;9;12m [38;2;0;0;0m       [38;2;32;32;32m [38;2;101;62;73m'[38;2;214;143;164mx[38;2;218;169;185mO[38;2;218;200;208mK[38;2;225;224;228mX[38;2;226;226;230mN[38;2;227;227;232mN[38;2;225;227;233mN[38;2;223;227;234mN[38;2;224;226;234mN[38;2;224;226;235mN[38;2;222;226;234mX[38;2;215;221;231mX[38;2;141;149;159md[38;2;67;76;87m'[38;2;52;65;77m.[38;2;51;66;79m.[38;2;50;67;81m.[38;2;53;67;81m'[38;2;74;88;101m,[38;2;105;118;132mc[38;2;95;106;121m:[38;2;58;69;85m'[38;2;57;69;86m'[38;2;59;73;82m'[38;2;59;74;82m'[38;2;56;70;86m'[38;2;53;71;87m'[38;2;53;69;82m'[38;2;55;68;78m'[38;2;56;71;82m'[38;2;53;71;85m'[0m
[0m[38;2;0;0;0m                     [38;2;16;16;16m [38;2;13;7;8m [38;2;169;91;105mc[38;2;11;11;11m [38;2;0;0;0m     [38;2;2;2;3m [38;2;94;84;102m;[38;2;210;206;218mK[38;2;224;224;234mX[38;2;222;225;233mX[38;2;223;224;234mX[38;2;223;224;233mX[38;2;223;225;233mX[38;2;223;225;233mX[38;2;223;225;233mX[38;2;223;225;233mX[38;2;223;225;232mX[38;2;220;225;233mX[38;2;195;203;213m0[38;2;88;97;112m;[38;2;44;55;69m.[38;2;46;57;71m.[38;2;47;58;72m.[38;2;49;60;74m.[38;2;52;63;77m.[38;2;106;117;131mc[38;2;103;114;128mc[38;2;55;66;80m'[38;2;54;65;79m.[38;2;54;66;79m.[38;2;45;60;72m.[38;2;53;68;80m'[38;2;52;67;79m'[38;2;52;67;79m'[38;2;48;63;75m.[38;2;50;65;77m.[38;2;52;67;79m.[38;2;51;66;78m..[0m
[0m[38;2;0;0;0m                      [38;2;17;17;17m [38;2;112;112;112m [38;2;5;3;4m [38;2;0;0;0m   [38;2;4;6;7m [38;2;61;85;92m,[38;2;120;146;167mo[38;2;157;169;189mx[38;2;192;205;213m0[38;2;219;223;232mX[38;2;222;224;232mX[38;2;217;226;231mX[38;2;218;225;231mX[38;2;222;224;231mX[38;2;222;224;231mX[38;2;222;224;231mX[38;2;222;224;231mX[38;2;220;223;231mX[38;2;167;173;181mk[38;2;56;64;74m.[38;2;38;48;62m.[38;2;37;48;62m.[38;2;38;49;62m.[38;2;39;50;63m.[38;2;64;75;89m'[38;2;113;124;137ml[38;2;64;75;88m'[38;2;44;55;69m.[38;2;43;54;68m.[38;2;47;58;71m.[38;2;41;53;66m.[38;2;44;59;70m.[38;2;45;60;72m.[38;2;45;60;72m.[38;2;41;56;67m.[38;2;44;58;70m.[38;2;45;60;71m.[38;2;45;59;71m.[38;2;44;59;70m..[0m
[0m[38;2;0;0;0m                       [38;2;8;8;8m [38;2;14;14;14m [38;2;0;0;0m  [38;2;13;13;16m [38;2;116;150;171mo[38;2;117;165;183md[38;2;132;158;184md[38;2;125;156;179md[38;2;131;163;177md[38;2;173;189;203mO[38;2;216;219;230mX[38;2;220;224;227mX[38;2;219;223;226mX[38;2;220;222;227mX[38;2;220;222;227mX[38;2;220;222;227mX[38;2;219;222;227mX[38;2;147;158;167md[38;2;41;53;63m.[38;2;34;46;56m.[38;2;34;46;56m.[38;2;34;46;56m.[38;2;33;45;55m.[38;2;84;96;106m;[38;2;94;106;115m:[38;2;35;47;57m.[38;2;36;48;58m.[38;2;35;47;57m.[38;2;36;48;58m.[38;2;36;48;58m.[38;2;31;43;53m.[38;2;38;50;60m.[38;2;37;49;59m.[38;2;35;47;57m.[38;2;37;49;59m.[38;2;38;50;60m.[38;2;38;50;60m.[38;2;37;49;59m.[38;2;37;49;59m..[0m
[0m[38;2;0;0;0m                           [38;2;55;53;66m.[38;2;120;161;182md[38;2;116;164;182md[38;2;120;142;169mo[38;2;133;158;185md[38;2;117;160;183md[38;2;116;159;178md[38;2;141;174;188mx[38;2;175;190;203mO[38;2;203;207;219mK[38;2;215;216;226mX[38;2;217;218;228mX[38;2;217;218;228mX[38;2;161;163;173mx[38;2;34;45;55m.[38;2;32;44;54m.[38;2;31;43;53m.[38;2;32;44;54m.[38;2;47;59;69m.[38;2;97;109;119m:[38;2;75;87;97m,[38;2;29;41;51m.[38;2;31;43;53m.[38;2;30;42;52m..[38;2;30;42;52m.[38;2;10;17;26m [38;2;28;40;50m.[38;2;29;41;51m.[38;2;27;39;49m.[38;2;31;43;53m.[38;2;29;41;51m.[38;2;30;42;52m.[38;2;29;41;51m.[38;2;28;40;50m.[38;2;26;38;48m.[38;2;20;31;40m [0m
[0m[38;2;0;0;0m                         [38;2;5;5;5m [38;2;34;34;40m.[38;2;123;142;157mo[38;2;121;161;181md[38;2;114;155;177md[38;2;126;151;173md[38;2;161;177;195mk[38;2;129;159;180md[38;2;123;158;177md[38;2;134;168;186mx[38;2;137;169;186mx[38;2;136;160;174md[38;2;138;156;166md[38;2;139;150;160md[38;2;157;162;171mx[38;2;69;69;78m'[38;2;72;77;89m,[38;2;71;77;89m,[38;2;66;72;83m'[38;2;70;77;88m,[38;2;75;83;94m,[38;2;44;56;66m.[38;2;29;41;51m.[38;2;27;39;49m..[38;2;23;40;48m.[38;2;27;38;46m.[38;2;22;25;33m [38;2;0;1;7m [38;2;25;36;40m.[38;2;22;34;44m.[38;2;25;37;47m.[38;2;25;37;47m.[38;2;24;36;46m.[38;2;25;32;39m.[38;2;20;24;30m [38;2;12;16;21m [38;2;4;8;13m [38;2;2;4;9m [0m
[0m[38;2;0;0;0m                     [38;2;6;6;6m [38;2;33;18;20m [38;2;57;11;14m [38;2;59;26;32m.[38;2;37;25;40m.[38;2;102;118;136mc[38;2;104;137;153ml[38;2;120;159;179md[38;2;101;139;163ml[38;2;133;159;180md[38;2;193;206;220mK[38;2;184;193;207m0[38;2;192;200;214m0[38;2;206;214;228mK[38;2;187;196;209m0[38;2;74;84;98m,[38;2;55;64;79m.[38;2;78;86;97m,[38;2;76;85;91m,[38;2;105;112;118mc[38;2;86;90;102m;[38;2;62;66;77m'[38;2;118;123;135ml[38;2;47;52;64m.[38;2;27;35;45m.[38;2;22;34;44m.[38;2;23;35;45m.[38;2;22;34;44m..[38;2;18;36;43m.[38;2;23;34;41m.[38;2;6;7;14m [38;2;1;1;6m [38;2;19;29;32m [38;2;21;33;43m.[38;2;16;27;37m [38;2;12;21;30m [38;2;8;16;25m [38;2;8;14;21m [38;2;9;15;22m [38;2;13;20;27m [38;2;16;24;31m [38;2;20;28;36m [0m
[0m[38;2;0;0;0m                    [38;2;7;7;7m [38;2;48;30;33m.[38;2;130;22;29m.[38;2;110;0;0m.[38;2;45;1;2m [38;2;47;54;58m.[38;2;108;132;145ml[38;2;54;79;95m'[38;2;117;156;176md[38;2;101;138;162ml[38;2;158;181;201mk[38;2;203;216;227mK[38;2;208;219;226mX[38;2;184;194;201m0[38;2;200;210;217mK[38;2;94;104;111m:[38;2;23;34;44m.[38;2;17;30;42m [38;2;21;36;44m.[38;2;19;37;41m.[38;2;18;36;39m.[38;2;22;29;40m [38;2;61;67;78m'[38;2;110;116;127mc[38;2;21;27;39m [38;2;24;32;43m.[38;2;18;30;40m [38;2;18;30;40m [38;2;19;31;41m [38;2;18;30;40m [38;2;15;32;40m [38;2;15;24;32m [38;2;3;3;9m [38;2;10;11;17m [38;2;17;27;32m [38;2;12;24;34m [38;2;13;23;33m [38;2;16;28;38m [38;2;17;29;39m [38;2;16;28;38m [38;2;18;29;39m [38;2;16;28;38m [38;2;15;26;36m [38;2;15;26;36m [0m
