[0m[38;2;0;0;0m                   [38;2;97;53;52m'[38;2;164;89;87mc[38;2;168;90;90mc[38;2;171;90;90mc[38;2;169;91;91mc[38;2;167;90;89mc[38;2;173;95;94mc[38;2;175;98;95mc[38;2;176;101;97ml[38;2;177;102;99ml[38;2;181;104;99ml[38;2;183;106;99ml[38;2;185;107;100ml[38;2;186;110;102ml[38;2;186;111;103ml[38;2;187;112;103mo[38;2;187;113;104mo[38;2;189;115;104mo[38;2;190;116;105mo[38;2;191;117;106mo[38;2;191;117;106mo[38;2;192;118;108mo[38;2;193;119;109mo[38;2;194;121;108mo[38;2;194;121;107mo[38;2;194;121;107mo[38;2;193;120;107mo[38;2;191;119;105mo[38;2;192;120;107mo[38;2;192;120;108mo[38;2;191;119;107mo[38;2;190;117;106mo[38;2;187;114;102mo[38;2;180;108;98ml[38;2;182;110;101ml[38;2;177;106;94ml[38;2;57;32;27m.[38;2;0;0;0m         [0m
[0m[38;2;0;0;0m                 [38;2;2;1;1m [38;2;118;70;65m,[38;2;197;125;113md[38;2;189;117;105mo[38;2;183;103;99ml[38;2;178;95;93mc[38;2;176;94;94mc[38;2;182;97;100ml[38;2;183;99;98ml[38;2;184;99;98ml[38;2;184;100;101ml[38;2;185;101;100ml[38;2;186;103;100ml[38;2;187;105;101ml[38;2;187;106;102ml[38;2;188;107;103ml[38;2;190;109;105ml[38;2;191;111;105mo[38;2;193;112;106mo[38;2;195;112;107mo[38;2;196;113;108mo[38;2;198;115;109mo[38;2;197;116;108mo[38;2;197;117;108mo[38;2;197;117;108mo[38;2;198;119;109mo[38;2;199;119;109mo[38;2;199;119;109mo[38;2;199;119;109mo[38;2;198;119;109mo[38;2;199;118;109mo[38;2;198;118;108mo[38;2;197;117;107mo[38;2;196;115;107mo[38;2;196;114;107mo[38;2;189;109;103ml[38;2;185;105;100ml[38;2;186;105;101ml[38;2;177;99;94mc[38;2;102;55;51m'[38;2;3;2;2m [38;2;0;0;0m       [0m
[0m[38;2;0;0;0m                [38;2;4;2;2m [38;2;138;87;79m:[38;2;221;164;138mk[38;2;242;203;160mK[38;2;237;196;154mK[38;2;193;128;113md[38;2;200;139;120md[38;2;192;118;107mo[38;2;185;102;101ml[38;2;182;98;98ml[38;2;181;97;97ml[38;2;180;96;97mc[38;2;182;96;97mc[38;2;182;97;98ml[38;2;182;97;98ml[38;2;182;98;98ml[38;2;183;99;98ml[38;2;183;100;98ml[38;2;184;101;98ml[38;2;185;102;99ml[38;2;186;102;100ml[38;2;187;103;101ml[38;2;187;103;101ml[38;2;187;104;101ml[38;2;188;105;100ml[38;2;189;106;103ml[38;2;189;106;102ml[38;2;190;107;102ml[38;2;185;104;99ml[38;2;187;106;101ml[38;2;189;106;102ml[38;2;189;106;102ml[38;2;189;105;103ml[38;2;188;105;101ml[38;2;187;104;100ml[38;2;186;103;100ml[38;2;185;102;98ml[38;2;180;97;94mc[38;2;180;96;97mc[38;2;181;96;96mc[38;2;176;94;94mc[38;2;139;74;73m;[38;2;12;7;6m [38;2;0;0;0m      [0m
[0m[38;2;0;0;0m               [38;2;1;1;1m [38;2;135;75;73m;[38;2;197;134;119md[38;2;226;177;143mO[38;2;239;200;158mK[38;2;204;148;124mx[38;2;219;170;139mO[38;2;245;209;162mK[38;2;221;170;137mO[38;2;198;134;116md[38;2;187;112;104mo[38;2;205;139;122mx[38;2;193;122;112mo[38;2;183;105;100ml[38;2;181;99;98ml[38;2;181;97;96ml[38;2;180;96;95mc[38;2;181;96;95mc[38;2;180;96;97mc[38;2;180;96;98mc[38;2;181;96;98mc[38;2;181;97;97ml[38;2;181;97;97ml[38;2;181;96;99ml[38;2;181;98;95ml[38;2;182;97;98ml[38;2;182;97;98ml[38;2;182;98;98ml[38;2;182;98;98ml[38;2;180;96;94mc[38;2;180;97;95mc[38;2;182;98;97ml[38;2;182;98;97ml[38;2;182;98;97ml[38;2;183;98;99ml[38;2;182;98;99ml[38;2;182;98;97ml[38;2;182;98;96ml[38;2;181;98;96ml[38;2;174;92;93mc[38;2;180;97;98ml[38;2;181;97;98ml[38;2;175;94;94mc[38;2;149;81;78m:[38;2;3;2;2m [38;2;0;0;0m     [0m
[0m[38;2;0;0;0m               [38;2;104;55;56m'[38;2;171;88;90mc[38;2;179;95;98mc[38;2;184;100;100ml[38;2;182;102;98ml[38;2;180;104;99ml[38;2;202;133;118md[38;2;199;131;116md[38;2;193;123;111mo[38;2;185;110;105ml[38;2;208;147;125mx[38;2;234;192;152m0[38;2;230;183;147m0[38;2;197;132;113md[38;2;208;146;126mx[38;2;208;145;124mx[38;2;203;138;120md[38;2;196;125;115md[38;2;188;116;107mo[38;2;175;96;95mc[38;2;179;97;98mc[38;2;181;97;97ml[38;2;181;98;96ml[38;2;181;100;96ml[38;2;181;99;96ml[38;2;181;98;95ml[38;2;181;98;95ml[38;2;181;98;96ml[38;2;182;99;96ml[38;2;175;95;92mc[38;2;179;96;96mc[38;2;181;97;99ml[38;2;182;99;98ml[38;2;185;104;100ml[38;2;187;108;101ml[38;2;187;108;102ml[38;2;186;108;102ml[38;2;191;113;106mo[38;2;203;136;120md[38;2;184;110;103ml[38;2;193;123;111mo[38;2;229;181;146mO[38;2;198;134;115md[38;2;171;98;95mc[38;2;93;50;50m'[38;2;0;0;0m     [0m
[0m[38;2;0;0;0m              [38;2;39;21;21m [38;2;173;89;93mc[38;2;175;90;93mc[38;2;176;91;94mc[38;2;176;91;94mc[38;2;170;86;89mc[38;2;176;92;94mc[38;2;177;92;95mc[38;2;173;90;92mc[38;2;174;92;93mc[38;2;178;94;96mc[38;2;181;97;97ml[38;2;182;101;100ml[38;2;183;102;99ml[38;2;186;108;103ml[38;2;187;111;104ml[38;2;206;139;122mx[38;2;205;139;121mx[38;2;208;144;126mx[38;2;205;146;126mx[38;2;176;104;97ml[38;2;202;134;120md[38;2;191;118;109mo[38;2;211;146;128mx[38;2;224;168;141mO[38;2;223;168;140mO[38;2;195;130;111md[38;2;223;166;140mO[38;2;197;132;113md[38;2;227;174;143mO[38;2;193;135;115md[38;2;205;143;124mx[38;2;195;131;116md[38;2;201;137;118md[38;2;234;190;152m0[38;2;243;202;160mK[38;2;241;202;159mK[38;2;217;162;133mk[38;2;218;165;138mk[38;2;234;188;150m0[38;2;196;127;115md[38;2;191;126;111mo[38;2;246;208;163mK[38;2;216;157;132mk[38;2;178;107;101ml[38;2;171;94;94mc[38;2;7;4;4m [38;2;0;0;0m    [0m
[0m[38;2;0;0;0m             [38;2;3;2;2m [38;2;160;83;84m:[38;2;175;90;93mc[38;2;175;90;93mc[38;2;175;90;93mc[38;2;171;89;90mc[38;2;173;90;92mc[38;2;175;91;94mc[38;2;173;91;93mc[38;2;170;89;90mc[38;2;176;91;94mcccc[38;2;176;91;94mc[38;2;171;90;92mc[38;2;174;90;93mc[38;2;178;93;96mc[38;2;177;95;96mc[38;2;174;94;94mc[38;2;168;90;90mc[38;2;175;95;95mc[38;2;177;97;97mc[38;2;175;96;95mc[38;2;182;105;101ml[38;2;186;110;104ml[38;2;188;111;107mo[38;2;186;109;104ml[38;2;194;123;111mo[38;2;189;115;107mo[38;2;204;136;122md[38;2;189;128;119md[38;2;194;126;113md[38;2;189;117;108mo[38;2;189;116;107mo[38;2;207;144;126mx[38;2;208;145;125mx[38;2;209;146;126mx[38;2;196;126;113md[38;2;197;128;115md[38;2;202;137;119md[38;2;186;111;103ml[38;2;178;106;99ml[38;2;210;150;129mx[38;2;196;128;113md[38;2;173;96;94mc[38;2;173;92;94mc[38;2;42;22;22m.[38;2;0;0;0m    [0m
[0m[38;2;0;0;0m             [38;2;71;38;39m.[38;2;173;89;92mc[38;2;175;90;93mc[38;2;175;90;93mc[38;2;175;90;93mc[38;2;172;88;91mc[38;2;175;91;93mc[38;2;175;92;94mc[38;2;166;89;89mc[38;2;175;91;94mc[38;2;175;92;94mc[38;2;176;93;95mc[38;2;176;93;95mc[38;2;176;93;95mc[38;2;173;90;93mc[38;2;171;90;92mc[38;2;176;93;95mc[38;2;177;93;96mc[38;2;171;90;92mc[38;2;167;95;94mc[38;2;171;93;94mc[38;2;176;96;98mc[38;2;170;91;92mc[38;2;176;97;97mc[38;2;177;96;97mc[38;2;178;96;98mc[38;2;177;95;97mc[38;2;177;95;97mc[38;2;176;95;96mc[38;2;177;94;96mc[38;2;173;96;97mc[38;2;221;179;176m0[38;2;173;109;106ml[38;2;176;92;94mc[38;2;176;92;94mc[38;2;177;93;95mc[38;2;177;93;95mc[38;2;177;93;95mc[38;2;177;93;94mc[38;2;177;92;94mc[38;2;176;93;94mc[38;2;176;93;94mc[38;2;167;88;89mc[38;2;175;94;95mc[38;2;176;93;94mc[38;2;168;87;89mc[38;2;173;90;94mc[38;2;70;36;37m.[38;2;0;0;0m    [0m
[0m[38;2;0;0;0m            [38;2;4;2;2m [38;2;165;87;90mc[38;2;172;89;91mc[38;2;175;90;93mc[38;2;175;90;93mc[38;2;175;90;93mc[38;2;176;91;94mc[38;2;176;92;94mc[38;2;174;92;94mc[38;2;171;93;93mc[38;2;177;97;98mc[38;2;177;98;98mc[38;2;177;100;100ml[38;2;178;99;100ml[38;2;175;96;96mc[38;2;173;95;96mc[38;2;177;98;101ml[38;2;178;98;100ml[38;2;177;98;99mc[38;2;187;126;124mo[38;2;186;141;134md[38;2;180;101;104ml[38;2;177;99;102ml[38;2;174;99;100mc[38;2;180;102;102ml[38;2;180;101;102ml[38;2;180;100;103ml[38;2;179;99;102ml[38;2;178;98;101ml[38;2;178;96;99mc[38;2;176;95;97mc[38;2;182;119;120mo[38;2;247;222;211mN[38;2;202;164;154mk[38;2;176;91;94mc[38;2;170;89;90mc[38;2;175;90;93mc[38;2;175;90;93mcc[38;2;175;90;93mc[38;2;175;90;93mc[38;2;175;90;93mc[38;2;175;90;93mc[38;2;166;86;87mc[38;2;173;91;93mc[38;2;175;90;93mc[38;2;168;86;89mc[38;2;172;89;93mc[38;2;86;43;47m.[38;2;0;0;0m    [0m
[0m[38;2;0;0;0m            [38;2;59;30;31m.[38;2;170;89;92mc[38;2;172;89;91mc[38;2;175;90;93mc[38;2;175;91;94mc[38;2;176;91;94mc[38;2;176;94;96mc[38;2;177;97;99mc[38;2;170;93;95mc[38;2;179;101;103ml[38;2;180;102;104ml[38;2;182;104;106ml[38;2;183;106;107ml[38;2;177;103;102ml[38;2;179;105;104ml[38;2;182;107;106ml[38;2;182;106;106ml[38;2;181;108;109ml[38;2;200;147;143mx[38;2;216;189;178m0[38;2;181;114;114mo[38;2;185;113;114mo[38;2;178;107;106ml[38;2;185;113;112mo[38;2;184;112;110ml[38;2;183;111;111ml[38;2;184;110;111ml[38;2;183;108;109ml[38;2;182;105;107ml[38;2;182;104;106ml[38;2;170;101;102ml[38;2;225;184;182m0[38;2;251;235;220mW[38;2;242;226;210mN[38;2;175;108;107ml[38;2;170;89;90mc[38;2;172;89;91mc[38;2;175;90;93mccc[38;2;175;90;93mc[38;2;175;90;93mc[38;2;175;90;93mc[38;2;167;87;88mc[38;2;174;91;93mc[38;2;175;90;93mc[38;2;173;90;92mc[38;2;170;89;91mc[38;2;80;42;43m.[38;2;0;0;0m    [0m
[0m[38;2;0;0;0m           [38;2;5;5;5m [38;2;147;77;79m;[38;2;171;89;91mc[38;2;172;90;92mc[38;2;173;91;93mc[38;2;174;92;94mc[38;2;175;95;96mc[38;2;177;98;100ml[38;2;179;101;102ml[38;2;171;99;98mc[38;2;181;109;107ml[38;2;183;111;110ml[38;2;185;113;111mo[38;2;181;111;109ml[38;2;186;116;114mo[38;2;188;117;115mo[38;2;187;116;115mo[38;2;192;130;130md[38;2;218;176;173mO[38;2;238;217;202mX[38;2;192;145;138mx[38;2;192;126;124md[38;2;184;119;116mo[38;2;190;123;120mo[38;2;192;124;121mo[38;2;191;123;120mo[38;2;191;122;119mo[38;2;190;122;119mo[38;2;188;120;117mo[38;2;188;118;116mo[38;2;179;111;110ml[38;2;202;152;152mx[38;2;233;211;200mX[38;2;231;214;199mX[38;2;229;212;197mX[38;2;197;165;153mk[38;2;173;94;97mc[38;2;168;89;91mc[38;2;176;91;95mc[38;2;175;91;94mc[38;2;175;91;94mc[38;2;175;91;94mc[38;2;174;90;93mc[38;2;173;91;94mc[38;2;166;87;88mc[38;2;175;90;93mc[38;2;174;89;93mc[38;2;173;88;92mc[38;2;162;84;87m:[38;2;67;35;35m.[38;2;0;0;0m    [0m
[0m[38;2;0;0;0m           [38;2;46;24;25m [38;2;166;86;88mc[38;2;171;89;91mc[38;2;172;90;92mc[38;2;173;91;93mc[38;2;174;94;95mc[38;2;176;97;99mc[38;2;179;100;102ml[38;2;176;101;100ml[38;2;179;107;106ml[38;2;184;113;111mo[38;2;182;113;110ml[38;2;183;117;115mo[38;2;188;123;120mo[38;2;188;123;120mo[38;2;163;102;101mc[38;2;177;116;118mo[38;2;218;179;176mO[38;2;241;219;206mX[38;2;206;172;161mO[38;2;194;133;129md[38;2;190;126;123md[38;2;192;129;125md[38;2;196;132;127md[38;2;195;131;127md[38;2;195;131;126md[38;2;195;130;126md[38;2;194;129;125md[38;2;194;129;125md[38;2;185;123;119mo[38;2;195;145;145mx[38;2;235;202;197mK[38;2;239;214;205mX[38;2;241;220;207mX[38;2;250;231;217mN[38;2;247;228;212mN[38;2;182;122;119mo[38;2;168;94;94mc[38;2;176;97;100mc[38;2;176;96;99mc[38;2;176;95;98mc[38;2;175;93;95mc[38;2;173;92;95mc[38;2;168;88;91mc[38;2;172;90;93mc[38;2;174;90;93mc[38;2;173;88;92mc[38;2;170;89;91mc[38;2;140;72;83m;[38;2;39;21;21m [38;2;0;0;0m    [0m
[0m[38;2;0;0;0m          [38;2;1;1;1m [38;2;143;74;76m;[38;2;170;89;91mc[38;2;170;89;91mc[38;2;172;89;91mc[38;2;173;91;93mc[38;2;174;93;94mc[38;2;176;96;99mc[38;2;178;99;102ml[38;2;170;98;98mc[38;2;176;108;106ml[38;2;180;111;109ml[38;2;187;118;116mo[38;2;171;111;115ml[38;2;124;83;106m;[38;2;80;58;98m'[38;2;91;88;143m;[38;2;163;151;180mx[38;2;182;132;138md[38;2;194;137;135md[38;2;192;133;130md[38;2;189;126;123mo[38;2;193;130;125md[38;2;196;133;128md[38;2;197;133;128md[38;2;197;133;128md[38;2;197;134;129md[38;2;197;133;129md[38;2;196;132;129md[38;2;188;126;123mo[38;2;200;150;150mx[38;2;225;187;185m0[38;2;214;177;173mO[38;2;202;167;163mk[38;2;196;168;161mk[38;2;200;178;168mO[38;2;220;201;189mK[38;2;209;178;167mO[38;2;168;98;98mc[38;2;178;101;104ml[38;2;179;100;103ml[38;2;176;97;100mc[38;2;176;97;99mc[38;2;173;94;96mc[38;2;171;93;94mc[38;2;173;91;94mc[38;2;173;90;93mc[38;2;172;89;93mc[38;2;150;76;84m:[38;2;130;64;85m,[38;2;21;12;12m [38;2;0;0;0m    [0m
[0m[38;2;0;0;0m          [38;2;49;26;27m.[38;2;159;83;85m:[38;2;166;88;89mc[38;2;166;86;87mc[38;2;171;88;90mc[38;2;171;89;91mc[38;2;172;92;94mc[38;2;173;94;97mc[38;2;174;96;99mc[38;2;175;108;108ml[38;2;195;136;138md[38;2;206;171;169mO[38;2;168;154;161mx[38;2;68;84;152m;[38;2;113;109;173mc[38;2;110;101;124m:[38;2;105;113;164mc[38;2;132;147;190md[38;2;168;161;164mx[38;2;189;137;133md[38;2;187;128;123md[38;2;194;132;127md[38;2;197;133;129md[38;2;197;134;130md[38;2;197;134;129md[38;2;197;134;129md[38;2;196;134;129md[38;2;192;130;126md[38;2;189;128;125md[38;2;208;161;160mk[38;2;208;161;161mk[38;2;164;113;122ml[38;2;93;54;85m'[38;2;78;50;94m.[38;2;70;49;91m.[38;2;98;93;125m;[38;2;107;103;111m:[38;2;107;93;89m;[38;2;134;86;83m:[38;2;178;105;105ml[38;2;177;101;102ml[38;2;170;95;97mc[38;2;176;97;100mc[38;2;174;95;96mc[38;2;172;93;96mc[38;2;173;91;95mc[38;2;172;90;94mc[38;2;166;89;92mc[38;2;117;57;76m,[38;2;131;65;85m;[38;2;9;4;5m [38;2;0;0;0m    [0m
[0m[38;2;0;0;0m         [38;2;3;1;1m [38;2;149;76;82m:[38;2;159;84;86m:[38;2;166;87;90mc[38;2;167;86;88mc[38;2;171;88;90mc[38;2;170;89;91mc[38;2;170;90;92mc[38;2;169;91;92mc[38;2;170;91;93mc[38;2;197;134;136md[38;2;243;185;188m0[38;2;230;179;181m0[38;2;214;188;188m0[38;2;178;160;169mx[38;2;174;156;182mx[38;2;178;160;191mk[38;2;165;153;180mx[38;2;172;160;165mx[38;2;186;138;134md[38;2;188;129;123md[38;2;193;134;128md[38;2;194;134;128md[38;2;194;134;129md[38;2;194;134;131md[38;2;194;134;129md[38;2;191;133;130md[38;2;187;127;123mo[38;2;198;147;143mx[38;2;236;206;196mK[38;2;246;227;214mN[38;2;247;235;225mN[38;2;106;103;126m:[38;2;45;60;134m'[38;2;66;64;108m'[38;2;66;62;83m'[38;2;85;92;150m;[38;2;180;191;229m0[38;2;191;188;191mO[38;2;175;136;134md[38;2;178;105;104ml[38;2;168;96;95mc[38;2;175;100;101ml[38;2;176;97;99mc[38;2;173;95;95mc[38;2;172;93;95mc[38;2;170;90;92mc[38;2;167;90;92mc[38;2;135;66;80m;[38;2;109;51;76m'[38;2;122;58;80m,[38;2;3;1;2m [38;2;0;0;0m    [0m
[0m[38;2;0;0;0m         [38;2;50;26;27m.[38;2;159;83;86m:[38;2;159;83;86m:[38;2;166;88;89mc[38;2;166;85;88m:[38;2;171;89;92mc[38;2;171;89;92mc[38;2;169;91;91mc[38;2;169;91;91mc[38;2;168;91;92mc[38;2;204;140;142mx[38;2;247;187;189mK[38;2;247;187;189mK[38;2;247;187;189mK[38;2;246;187;189mK[38;2;246;186;188mK[38;2;245;186;189mK[38;2;223;163;166mO[38;2;188;129;128md[38;2;191;132;127md[38;2;193;134;128md[38;2;193;134;128md[38;2;193;134;129md[38;2;191;133;128md[38;2;199;145;142mx[38;2;214;173;169mO[38;2;191;149;146mx[38;2;216;183;174m0[38;2;249;227;214mN[38;2;251;229;216mN[38;2;250;227;215mN[38;2;244;225;214mN[38;2;194;186;183mO[38;2;135;131;168mo[38;2;152;137;190md[38;2;160;146;196md[38;2;139;142;184md[38;2;147;150;166md[38;2;220;212;210mK[38;2;177;123;121mo[38;2;172;98;97mc[38;2;169;96;95mc[38;2;176;98;98mc[38;2;174;96;96mc[38;2;172;94;94mc[38;2;172;93;94mc[38;2;163;88;87mc[38;2;152;81;86m:[38;2;107;50;73m'[38;2;109;50;76m'[38;2;105;48;72m'[38;2;7;7;7m [38;2;0;0;0m    [0m
[0m[38;2;0;0;0m        [38;2;2;2;2m [38;2;134;70;72m;[38;2;166;86;89mc[38;2;156;81;83m:[38;2;165;87;89mc[38;2;162;84;85m:[38;2;171;88;90mc[38;2;170;89;91mc[38;2;169;91;91mc[38;2;169;91;91mc[38;2;168;90;92mc[38;2;213;149;154mk[38;2;249;189;190mK[38;2;248;190;190mK[38;2;243;184;184m0[38;2;229;170;171mO[38;2;216;155;154mk[38;2;199;138;136md[38;2;191;132;129md[38;2;192;133;129md[38;2;192;133;128md[38;2;192;137;132md[38;2;202;151;147mx[38;2;217;175;171mO[38;2;235;205;196mK[38;2;229;207;196mK[38;2;210;182;172mO[38;2;239;217;204mX[38;2;251;232;218mN[38;2;252;228;216mN[38;2;250;224;212mN[38;2;251;218;209mN[38;2;247;212;204mX[38;2;248;203;198mX[38;2;247;197;196mK[38;2;247;199;199mK[38;2;245;201;201mK[38;2;233;190;190mK[38;2;221;175;176mO[38;2;219;164;165mO[38;2;170;99;100mc[38;2;166;93;93mc[38;2;175;97;98mc[38;2;173;95;95mc[38;2;172;94;94mc[38;2;171;93;94mc[38;2;167;89;91mc[38;2;158;83;87m:[38;2;112;54;73m'[38;2;107;49;74m'[38;2;108;50;75m'[38;2;100;46;66m.[38;2;0;0;0m [38;2;0;0;0m    [0m
[0m[38;2;0;0;0m        [38;2;16;16;16m [38;2;4;2;2m [38;2;161;82;86mc[38;2;169;87;91mc[38;2;161;84;86m:[38;2;157;83;85m:[38;2;169;89;92mc[38;2;169;90;92mc[38;2;169;90;93mc[38;2;170;91;94mc[38;2;169;93;96mc[38;2;186;126;128mo[38;2;197;137;137md[38;2;189;129;129md[38;2;185;123;122mo[38;2;190;128;129md[38;2;194;134;133md[38;2;200;143;142mx[38;2;207;158;155mk[38;2;217;175;171mO[38;2;229;194;190mK[38;2;245;218;210mX[38;2;251;230;218mN[38;2;237;218;204mX[38;2;223;204;190mK[38;2;224;206;192mK[38;2;251;233;219mN[38;2;252;233;219mN[38;2;252;232;218mN[38;2;251;229;216mN[38;2;251;223;211mN[38;2;250;218;208mN[38;2;249;212;204mX[38;2;249;205;199mX[38;2;248;200;197mK[38;2;249;194;195mK[38;2;248;191;192mK[38;2;248;189;190mK[38;2;246;186;187mK[38;2;184;117;120mo[38;2;191;125;125mo[38;2;169;93;94mc[38;2;172;94;95mc[38;2;171;93;93mc[38;2;170;92;93mc[38;2;169;91;92mc[38;2;160;84;85m:[38;2;120;59;74m,[38;2;107;49;74m'[38;2;109;51;76m'[38;2;108;51;74m'[38;2;102;51;61m'[38;2;0;0;0m     [0m
[0m[38;2;0;0;0m         [38;2;7;7;7m [38;2;112;56;64m'[38;2;167;85;90mc[38;2;169;88;92mc[38;2;160;84;86m:[38;2;167;90;91mc[38;2;168;90;90mc[38;2;169;90;92mc[38;2;170;91;94mc[38;2;163;88;90mc[38;2;151;94;106mc[38;2;233;193;187mK[38;2;241;207;198mX[38;2;243;210;201mX[38;2;244;216;204mX[38;2;246;223;205mN[38;2;249;229;213mN[38;2;252;232;216mN[38;2;250;231;213mN[38;2;234;213;198mX[38;2;229;210;196mK[38;2;229;211;197mX[38;2;241;222;208mN[38;2;252;233;218mN[38;2;252;233;217mN[38;2;252;233;217mN[38;2;252;233;217mN[38;2;251;232;217mN[38;2;251;230;215mN[38;2;250;228;212mN[38;2;250;223;210mN[38;2;250;219;207mN[38;2;249;214;204mX[38;2;247;211;201mX[38;2;249;207;200mX[38;2;248;205;198mX[38;2;238;191;186mK[38;2;202;151;148mx[38;2;228;179;174m0[38;2;201;149;145mx[38;2;169;91;93mc[38;2;169;91;92mc[38;2;169;90;92mc[38;2;169;90;93mc[38;2;161;86;88m:[38;2;130;64;76m,[38;2;108;50;75m'[38;2;108;50;76m'[38;2;119;57;79m,[38;2;149;76;86m:[38;2;111;59;60m'[38;2;0;0;0m     [0m
[0m[38;2;0;0;0m          [38;2;32;32;32m [38;2;113;55;70m'[38;2;157;82;89m:[38;2;165;89;89mc[38;2;162;86;86m:[38;2;168;90;90mc[38;2;168;90;91mc[38;2;169;91;91mc[38;2;153;82;85m:[38;2;120;60;79m,[38;2;134;77;87m;[38;2;197;153;148mx[38;2;212;173;162mO[38;2;213;178;165mO[38;2;219;189;175m0[38;2;221;193;179m0[38;2;223;197;182mK[38;2;225;201;186mK[38;2;241;222;207mX[38;2;251;233;217mN[38;2;252;233;216mN[38;2;252;233;216mN[38;2;252;233;216mN[38;2;252;233;216mN[38;2;252;233;216mN[38;2;251;232;215mN[38;2;250;231;214mN[38;2;250;231;214mN[38;2;250;231;214mN[38;2;251;230;213mN[38;2;251;228;212mN[38;2;250;225;210mN[38;2;250;223;209mN[38;2;249;222;208mN[38;2;237;208;194mX[38;2;230;200;188mK[38;2;250;221;208mN[38;2;212;174;169mO[38;2;157;90;93mc[38;2;169;88;91mc[38;2;169;89;91mc[38;2;169;89;92mc[38;2;167;87;89mc[38;2;136;69;77m;[38;2;111;53;74m'[38;2;128;63;78m,[38;2;150;77;86m:[38;2;167;86;90mc[38;2;164;85;88m:[38;2;109;56;57m'[38;2;0;0;0m     [0m
[0m[38;2;0;0;0m           [38;2;30;30;30m [38;2;38;18;27m [38;2;121;58;78m,[38;2;137;71;80m;[38;2;167;90;90mc[38;2;168;89;92mc[38;2;168;90;91mc[38;2;154;79;86m:[38;2;115;55;77m'[38;2;106;50;75m'[38;2;128;78;98m;[38;2;220;194;185m0[38;2;251;231;214mN[38;2;250;231;214mN[38;2;250;231;214mN[38;2;250;231;214mN[38;2;250;231;213mN[38;2;250;232;213mN[38;2;250;232;213mN[38;2;251;232;214mN[38;2;248;230;212mN[38;2;245;228;210mN[38;2;244;225;208mN[38;2;248;229;212mN[38;2;250;231;214mN[38;2;250;231;214mN[38;2;250;232;213mN[38;2;250;232;212mN[38;2;250;232;212mN[38;2;250;232;212mN[38;2;251;231;212mN[38;2;251;230;211mN[38;2;251;230;211mN[38;2;252;229;210mN[38;2;241;219;202mX[38;2;168;131;133mo[38;2;113;56;74m'[38;2;165;88;91mc[38;2;170;88;91mc[38;2;170;88;90mc[38;2;169;88;90mc[38;2;156;80;83m:[38;2;153;81;84m:[38;2;164;88;89mc[38;2;167;89;91mc[38;2;167;87;90mc[38;2;162;82;87mc[38;2;3;1;1m [38;2;42;42;42m [38;2;0;0;0m     [0m
[0m[38;2;0;0;0m            [38;2;12;6;9m [38;2;98;47;64m'[38;2;106;50;72m'[38;2;157;85;89m:[38;2;167;89;91mc[38;2;168;89;91mc[38;2;142;73;82m;[38;2;116;55;81m,[38;2;110;51;76m'[38;2;108;49;75m'[38;2;107;52;75m'[38;2;157;118;127ml[38;2;220;196;186m0[38;2;250;231;213mN[38;2;250;232;212mN[38;2;250;232;212mN[38;2;250;232;212mNN[38;2;250;232;212mN[38;2;250;232;212mN[38;2;250;231;213mN[38;2;250;231;213mN[38;2;250;231;213mN[38;2;250;232;213mN[38;2;250;232;212mNNNN[38;2;250;232;212mN[38;2;250;232;212mN[38;2;250;232;212mN[38;2;233;212;198mX[38;2;176;143;143md[38;2;117;68;87m,[38;2;105;49;74m'[38;2;130;65;80m,[38;2;168;88;90mc[38;2;168;88;91mc[38;2;167;88;91mc[38;2;157;83;84m:[38;2;160;84;87m:[38;2;167;88;91mc[38;2;168;87;91mc[38;2;168;85;90mc[38;2;166;85;89m:[38;2;49;25;26m.[38;2;3;3;3m [38;2;0;0;0m      [0m
[0m[38;2;0;0;0m    [38;2;3;3;3m [38;2;5;6;5m [38;2;19;20;18m [38;2;31;33;30m.[38;2;45;46;41m.[38;2;52;54;49m.[38;2;63;65;60m'[38;2;76;77;72m,[38;2;95;96;90m;[38;2;100;94;93m;[38;2;85;73;74m,[38;2;123;77;78m;[38;2;167;87;90mc[38;2;167;87;90mc[38;2;141;70;81m;[38;2;108;50;77m'[38;2;108;50;75m'[38;2;108;50;75m'[38;2;109;51;76m'[38;2;107;49;74m'[38;2;105;50;73m'[38;2;122;89;114m:[38;2;207;181;181mO[38;2;238;214;200mX[38;2;249;230;212mN[38;2;250;232;212mN[38;2;250;232;212mNNNNNNN[38;2;250;232;212mN[38;2;250;232;213mN[38;2;247;227;210mN[38;2;219;203;193mK[38;2;168;154;169mx[38;2;141;103;116mc[38;2;108;54;77m'[38;2;105;49;75m'[38;2;109;52;75m'[38;2;129;65;80m,[38;2;160;83;88m:[38;2;168;86;90mc[38;2;167;85;89mc[38;2;158;82;85m:[38;2;141;72;80m;[38;2;149;75;85m:[38;2;146;73;84m;[38;2;139;68;82m;[38;2;116;56;71m'[38;2;54;54;54m [38;2;10;10;10m [38;2;0;0;0m       [0m
[0m[38;2;0;0;0m   [38;2;27;28;25m [38;2;91;95;86m;[38;2;98;102;93m:[38;2;99;106;96m:[38;2;102;107;98m:[38;2;104;107;99m:[38;2;104;108;100m:[38;2;105;108;101m:[38;2;104;108;100m:[38;2;104;107;100m:[38;2;102;107;98m:[38;2;100;105;96m:[38;2;100;87;81m;[38;2;166;86;90mc[38;2;167;85;89mc[38;2;135;75;78m;[38;2;100;80;87m,[38;2;94;62;95m,[38;2;99;57;91m'[38;2;103;54;77m'[38;2;105;56;79m'[38;2;103;53;76m'[38;2;104;49;75m'[38;2;151;108;119ml[38;2;226;172;177mO[38;2;223;175;177mO[38;2;230;191;187m0[38;2;235;207;195mK[38;2;242;220;204mX[38;2;242;222;206mN[38;2;241;219;203mX[38;2;237;213;198mX[38;2;234;205;194mK[38;2;231;196;189mK[38;2;228;185;183m0[38;2;223;176;177mO[38;2;204;157;164mk[38;2;85;71;121m,[38;2;95;52;85m'[38;2;106;49;74m'[38;2;108;50;75m'[38;2;108;50;75m'[38;2;108;50;74m'[38;2;124;61;80m,[38;2;168;85;90mc[38;2;167;86;89mc[38;2;163;83;87m:[38;2;115;55;69m'[38;2;9;4;6m [38;2;49;49;49m [38;2;40;40;40m [38;2;29;29;29m [38;2;14;14;14m [38;2;0;0;0m         [0m
[0m[38;2;0;0;0m  [38;2;5;6;5m [38;2;89;93;83m;[38;2;91;95;86m;[38;2;95;100;93m;[38;2;97;102;95m:[38;2;99;103;96m:[38;2;100;106;98m:[38;2;100;106;98m:[38;2;99;106;98m:[38;2;98;104;96m:[38;2;99;103;95m:[38;2;99;102;95m:[38;2;98;102;95m:[38;2;98;100;91m;[38;2;155;85;88m:[38;2;168;85;89mc[38;2;155;99;104mc[38;2;155;174;188mk[38;2;160;185;208mO[38;2;116;126;171ml[38;2;98;96;112m;[38;2;97;96;107m;[38;2;93;91;100m;[38;2;99;59;82m'[38;2;111;56;78m'[38;2;212;158;166mk[38;2;227;172;178mO[38;2;226;171;177mO[38;2;225;170;176mO[38;2;222;168;173mO[38;2;221;168;172mO[38;2;224;170;175mO[38;2;224;170;175mO[38;2;225;170;175mO[38;2;226;169;176mO[38;2;228;168;175mO[38;2;226;168;175mO[38;2;165;113;127ml[38;2;100;50;78m'[38;2;103;52;76m'[38;2;105;51;75m'[38;2;108;50;76m'[38;2;102;52;80m'[38;2;111;71;90m,[38;2;150;79;85m:[38;2;167;85;88m:[38;2;164;84;86m:[38;2;108;71;71m,[38;2;87;63;70m'[38;2;75;55;59m.[38;2;39;30;32m.[38;2;2;2;2m [38;2;0;0;0m           [0m
[0m[38;2;0;0;0m  [38;2;45;49;44m.[38;2;86;92;82m;[38;2;89;93;84m;[38;2;91;96;87m;[38;2;94;97;89m;[38;2;94;98;91m;[38;2;94;100;92m;[38;2;94;100;92m;[38;2;93;99;91m;[38;2;92;98;90m;[38;2;93;98;89m;[38;2;94;97;89m;[38;2;93;98;89m;[38;2;93;98;89m;[38;2;137;87;86m:[38;2;169;87;90mc[38;2;165;112;118ml[38;2;195;225;249mX[38;2;194;226;250mX[38;2;177;206;234m0[38;2;104;114;158mc[38;2;93;97;106m;[38;2;92;95;105m;[38;2;92;90;102m;[38;2;99;56;78m'[38;2;145;89;107m:[38;2;224;169;176mO[38;2;225;170;175mO[38;2;225;169;175mO[38;2;224;169;175mO[38;2;224;169;175mO[38;2;224;169;175mO[38;2;224;169;175mO[38;2;224;169;175mO[38;2;224;168;175mO[38;2;204;146;156mx[38;2;141;83;102m:[38;2;106;50;74m'[38;2;99;63;82m,[38;2;92;91;99m;[38;2;92;92;101m;[38;2;90;86;107m;[38;2;98;103;156m:[38;2;116;90;96m;[38;2;167;84;87m:[38;2;164;84;87m:[38;2;114;82;79m;[38;2;87;89;85m;[38;2;95;98;92m;[38;2;103;105;99m:[38;2;105;108;100m:[38;2;99;101;93m:[38;2;73;76;70m'[38;2;49;51;46m.[38;2;24;25;22m [38;2;2;2;2m [38;2;0;0;0m       [0m
[0m[38;2;0;0;0m [38;2;2;2;1m [38;2;81;86;76m,[38;2;82;88;80m,[38;2;82;88;80m,[38;2;86;92;84m;[38;2;87;92;85m;[38;2;88;92;85m;[38;2;86;93;85m;[38;2;86;92;85m;[38;2;86;91;84m;[38;2;86;92;84m;[38;2;86;92;83m;[38;2;86;91;83m;[38;2;86;91;83m;[38;2;104;109;101m:[38;2;139;108;105mc[38;2;173;90;91mc[38;2;151;93;101mc[38;2;152;173;212mk[38;2;170;198;236m0[38;2;165;193;236mO[38;2;131;148;206md[38;2;94;99;132m:[38;2;91;93;102m;[38;2;91;91;101m;[38;2;91;82;95m,[38;2;113;59;77m,[38;2;168;112;125ml[38;2;224;169;175mO[38;2;223;168;174mO[38;2;223;168;174mO[38;2;223;168;174mO[38;2;223;168;175mO[38;2;224;168;175mO[38;2;221;166;173mO[38;2;163;107;121ml[38;2;115;54;79m'[38;2;122;61;78m,[38;2;99;72;84m,[38;2;91;91;102m;[38;2;94;94;104m;[38;2;94;96;109m;[38;2;116;125;168ml[38;2;175;195;219m0[38;2;159;95;96mc[38;2;163;85;87m:[38;2;133;105;103mc[38;2;98;105;97m:[38;2;99;105;97m:[38;2;100;106;97m:[38;2;101;107;97m:[38;2;101;107;96m:[38;2;101;106;98m:[38;2;99;105;98m:[38;2;98;104;96m:[38;2;99;101;94m:[38;2;89;92;85m;[38;2;58;62;55m.[38;2;30;33;29m.[38;2;2;2;2m [38;2;0;0;0m    [0m
[0m[38;2;0;0;0m [38;2;12;13;11m [38;2;81;85;76m,[38;2;82;85;78m,[38;2;80;83;76m,[38;2;83;87;79m,[38;2;83;87;80m,[38;2;83;87;80m,[38;2;83;88;81m,[38;2;81;84;77m,[38;2;83;87;80m,[38;2;83;87;80m,[38;2;83;87;79m,[38;2;83;86;78m,[38;2;101;104;97m:[38;2;130;132;128ml[38;2;99;85;79m;[38;2;179;100;97ml[38;2;148;94;92m:[38;2;91;95;136m:[38;2;143;165;221mx[38;2;143;168;226mx[38;2;127;147;216md[38;2;103;113;186mc[38;2;83;87;102m;[38;2;85;87;97m;[38;2;84;86;97m;[38;2;118;82;86m;[38;2;157;83;89m:[38;2;229;192;187mK[38;2;232;195;190mK[38;2;230;188;187m0[38;2;229;187;185m0[38;2;231;190;188m0[38;2;218;175;173mO[38;2;163;95;100mc[38;2;152;77;83m:[38;2;154;82;87m:[38;2;109;83;88m;[38;2;91;90;100m;[38;2;93;92;101m;[38;2;92;94;108m;[38;2;105;113;164mc[38;2;153;174;222mk[38;2;165;131;143mo[38;2;166;90;90mc[38;2;158;138;144mo[38;2;121;125;121ml[38;2;97;100;93m;[38;2;97;100;93m;[38;2;97;100;93m;[38;2;97;101;93m:[38;2;97;101;94m:[38;2;98;102;95m:[38;2;97;101;94m:[38;2;95;99;92m;[38;2;95;99;92m;[38;2;92;98;90m;[38;2;90;96;89m;[38;2;88;94;86m;[38;2;82;86;78m,[38;2;11;11;10m [38;2;0;0;0m   [0m
[0m[38;2;0;0;0m [38;2;29;30;27m.[38;2;79;85;77m,[38;2;81;85;78m,[38;2;79;82;74m,[38;2;83;86;77m,[38;2;83;86;77m,[38;2;80;82;74m,[38;2;80;83;76m,[38;2;81;84;77m,[38;2;83;86;79m,[38;2;83;86;79m,[38;2;83;86;77m,[38;2;88;91;84m;[38;2;154;156;151md[38;2;82;85;79m,[38;2;85;83;74m,[38;2;181;108;99ml[38;2;136;92;84m:[38;2;68;67;86m'[38;2;80;86;147m;[38;2;124;143;218md[38;2;136;159;224mx[38;2;130;151;213md[38;2;88;96;138m;[38;2;81;81;93m,[38;2;82;82;94m,[38;2;86;80;89m,[38;2;154;82;85m:[38;2;208;172;161mO[38;2;245;226;208mN[38;2;245;227;207mN[38;2;244;226;207mN[38;2;234;213;196mX[38;2;164;101;98mc[38;2;162;82;85m:[38;2;154;81;82m:[38;2;98;82;89m;[38;2;86;88;97m;[38;2;88;89;99m;[38;2;88;91;104m;[38;2;102;110;169mc[38;2;133;151;214md[38;2;155;151;185md[38;2;180;107;101ml[38;2;146;121;143ml[38;2;100;104;107m:[38;2;138;141;134mo[38;2;91;94;87m;[38;2;89;95;88m;[38;2;89;95;87m;[38;2;89;95;87m;[38;2;90;94;87m;[38;2;88;95;87m;[38;2;88;95;87m;[38;2;87;93;85m;[38;2;87;92;85m;[38;2;85;92;84m;[38;2;84;91;83m;[38;2;84;88;81m,[38;2;79;82;75m,[38;2;7;7;7m [38;2;0;0;0m   [0m
[0m[38;2;9;9;8m [38;2;76;78;69m,[38;2;80;83;75m,[38;2;79;83;75m,[38;2;77;82;74m,[38;2;78;83;75m,[38;2;81;85;77m,[38;2;78;81;73m,[38;2;77;80;73m,[38;2;81;84;77m,[38;2;80;84;77m,[38;2;79;84;77m,[38;2;79;84;76m,[38;2;104;106;102m:[38;2;130;133;128ml[38;2;112;115;108mc[38;2;83;84;76m,[38;2;169;101;95mc[38;2;126;86;78m;[38;2;144;92;90m:[38;2;90;78;114m,[38;2;153;175;209mk[38;2;182;217;245mK[38;2;182;215;244mK[38;2;108;126;184ml[38;2;76;78;93m,[38;2;77;79;90m,[38;2;72;73;85m'[38;2;123;74;76m;[38;2;199;158;148mk[38;2;244;225;207mN[38;2;244;226;206mN[38;2;243;226;206mN[38;2;185;136;129md[38;2;161;80;84m:[38;2;154;79;84m:[38;2;96;79;87m,[38;2;82;83;94m,[38;2;83;83;93m,[38;2;82;85;100m,[38;2;113;127;175ml[38;2;144;168;222mx[38;2;125;142;211md[38;2;174;121;132mo[38;2;139;111;133ml[38;2;94;101;106m:[38;2;84;89;82m,[38;2;145;149;142md[38;2;86;90;83m;[38;2;84;88;81m,[38;2;84;88;81m,[38;2;84;87;80m,[38;2;83;86;79m,[38;2;83;87;79m,[38;2;83;86;79m,[38;2;81;86;78m,[38;2;80;86;78m,[38;2;80;85;78m,[38;2;80;84;77m,[38;2;78;81;74m,[38;2;70;72;67m'[38;2;14;14;14m [38;2;0;0;0m   [0m
[0m[38;2;64;62;49m.[38;2;73;76;67m'[38;2;77;80;71m,[38;2;78;81;72m,[38;2;78;82;73m,[38;2;73;79;71m,[38;2;76;82;74m,[38;2;73;76;67m'[38;2;79;81;74m,[38;2;77;82;75m,[38;2;76;82;75m,[38;2;77;82;75m,[38;2;79;81;74m,[38;2;77;81;74m,[38;2;75;81;73m,[38;2;88;93;84m;[38;2;133;124;118ml[38;2;163;97;93mc[38;2;167;89;85mc[38;2;177;94;91mc[38;2;140;82;91m:[38;2;89;92;146m;[38;2;123;142;191mo[38;2;108;125;182ml[38;2;79;89;155m;[38;2;52;53;78m.[38;2;49;48;51m.[38;2;48;47;51m.[38;2;93;60;61m'[38;2;214;179;168mO[38;2;242;223;206mN[38;2;242;224;204mN[38;2;242;224;205mN[38;2;163;97;95mc[38;2;154;76;80m:[38;2;86;61;64m'[38;2;70;70;80m'[38;2;77;79;87m,[38;2;78;82;98m,[38;2;113;126;175ml[38;2;175;207;238m0[38;2;183;216;241mK[38;2;177;175;187mk[38;2;162;121;119ml[38;2;80;86;89m,[38;2;78;85;76m,[38;2;79;85;77m,[38;2;125;128;121ml[38;2;110;113;107mc[38;2;81;85;76m,[38;2;81;84;77m,[38;2;81;84;77m,[38;2;76;80;73m,[38;2;78;84;76m,[38;2;78;83;76m,[38;2;78;82;75m,[38;2;78;82;75m,[38;2;76;82;74m,[38;2;73;78;71m,[38;2;73;78;71m,[38;2;30;33;29m.[38;2;0;0;0m    [0m
[0m[38;2;77;75;59m'[38;2;71;74;66m'[38;2;74;77;68m'[38;2;76;79;70m,[38;2;76;79;70m,[38;2;76;79;72m,[38;2;73;76;69m'[38;2;71;74;67m'[38;2;77;80;73m,[38;2;77;80;73m,[38;2;78;81;74m,[38;2;76;79;72m,[38;2;76;79;72m,[38;2;118;115;112mc[38;2;129;97;94m:[38;2;141;82;80m:[38;2;167;90;86mc[38;2;164;84;81m:[38;2;166;86;82m:[38;2;153;83;79m:[38;2;153;81;76m:[38;2;90;60;100m'[38;2;53;54;131m.[38;2;52;55;135m.[38;2;51;54;130m.[38;2;49;48;84m.[38;2;54;45;50m.[38;2;81;56;57m.[38;2;135;76;78m;[38;2;238;215;200mX[38;2;242;223;206mN[38;2;242;224;204mN[38;2;242;223;204mN[38;2;156;87;87m:[38;2;125;64;67m,[38;2;49;47;50m.[38;2;48;48;50m.[38;2;49;50;53m.[38;2;71;74;125m,[38;2;161;188;226mO[38;2;181;214;244mK[38;2;181;214;240mK[38;2;167;131;132mo[38;2;101;86;77m;[38;2;75;82;74m,[38;2;76;83;75m,[38;2;77;83;75m,[38;2;101;103;96m:[38;2;133;136;130mo[38;2;77;84;75m,[38;2;77;85;74m,[38;2;77;85;74m,[38;2;73;80;69m,[38;2;75;83;75m,[38;2;73;78;71m,[38;2;75;79;72m,[38;2;76;79;70m,[38;2;73;77;67m'[38;2;72;76;69m'[38;2;72;77;71m'[38;2;36;36;30m.[38;2;0;0;0m    [0m
